,expt,cond,rep,time (h),position (μm),redPixelRange,greenPixelRange,greenX0,redX0,GFP shift (μm),RFP shift (μm),[Ampicillin] (mg/mL),[Kanamycin] (mg/mL)
0,J4K5succ250_ampGrad,0x,1,0,-150,25-48,17-40,272.3999549514822,203.94248811388226,0.0,0.0,0.0,
1,J4K5succ250_ampGrad,0x,1,0,-100,40-63,32-55,274.87178452805233,233.2853723792513,0.0,0.0,0.0,
2,J4K5succ250_ampGrad,0x,1,0,-50,55-78,47-70,272.16863537240454,233.67331190735058,0.0,0.0,0.0,
3,J4K5succ250_ampGrad,0x,1,0,0,70-93,62-85,271.8559684939896,256.42113279496857,0.0,0.0,0.0,
4,J4K5succ250_ampGrad,0x,1,0,50,85-108,77-100,273.9296949371933,246.54560270415155,0.0,0.0,0.0,
5,J4K5succ250_ampGrad,0x,1,0,100,100-123,92-115,272.3978252628125,243.79223937768563,0.0,0.0,0.0,
6,J4K5succ250_ampGrad,0x,1,0,150,115-138,107-130,265.8105063270181,247.20034292335552,0.0,0.0,0.0,
7,J4K5succ250_ampGrad,0x,1,0,200,130-154,122-145,273.2261397782184,234.17598692527267,0.0,0.0,0.0,
8,J4K5succ250_ampGrad,0x,1,0,250,146-169,137-161,273.5552658910928,238.76208100744617,0.0,0.0,0.0,
9,J4K5succ250_ampGrad,0x,1,0,300,161-184,153-176,273.6089659953657,246.4141606164529,0.0,0.0,0.0,
10,J4K5succ250_ampGrad,0x,1,0,350,176-199,168-191,271.901882838592,253.1023149927437,0.0,0.0,0.0,
11,J4K5succ250_ampGrad,0x,1,0,400,191-214,183-206,268.9655645309043,262.49528801083267,0.0,0.0,0.0,
12,J4K5succ250_ampGrad,0x,1,0,450,206-229,198-221,268.0919778607507,260.5638131414958,0.0,0.0,0.0,
13,J4K5succ250_ampGrad,0x,1,2,-150,25-48,17-40,275.7780110762075,210.31253088194873,3.3780561247253327,6.370042768066468,0.0,
14,J4K5succ250_ampGrad,0x,1,2,-100,40-63,32-55,276.878105446931,235.08861558975389,2.006320918878714,1.8032432105026144,0.0,
15,J4K5succ250_ampGrad,0x,1,2,-50,55-78,47-70,273.41154329980634,234.90416416459468,1.242907927401859,1.230852257244095,0.0,
16,J4K5succ250_ampGrad,0x,1,2,0,70-93,62-85,273.4040561073317,258.8906170697602,1.5480876133421475,2.469484274791625,0.0,
17,J4K5succ250_ampGrad,0x,1,2,50,85-108,77-100,276.328040213023,248.3880493639454,2.3983452758296835,1.8424466597939213,0.0,
18,J4K5succ250_ampGrad,0x,1,2,100,100-123,92-115,275.4414672195295,244.37917946755792,3.0436419567170105,0.5869400898722574,0.0,
19,J4K5succ250_ampGrad,0x,1,2,150,115-138,107-130,269.9406818786837,251.6775538292818,4.130175551665616,4.4772109059262855,0.0,
20,J4K5succ250_ampGrad,0x,1,2,200,130-154,122-145,277.1325047971856,237.8158881712689,3.906365018967165,3.6399012459962714,0.0,
21,J4K5succ250_ampGrad,0x,1,2,250,146-169,137-161,278.7797959534838,238.91684889389091,5.224530062391012,0.15476788644477324,0.0,
22,J4K5succ250_ampGrad,0x,1,2,300,161-184,153-176,278.071827368111,245.51310997518087,4.462861372745294,-0.9010506412720928,0.0,
23,J4K5succ250_ampGrad,0x,1,2,350,176-199,168-191,276.81044748465956,256.54034261569177,4.908564646067589,3.438027622948056,0.0,
24,J4K5succ250_ampGrad,0x,1,2,400,191-214,183-206,274.4983911147361,263.01984579061696,5.532826583831763,0.5245577797842316,0.0,
25,J4K5succ250_ampGrad,0x,1,2,450,206-229,198-221,273.8595863780746,264.9421250099421,5.767608517323879,4.378311868446247,0.0,
26,J4K5succ250_ampGrad,0x,1,4,-150,25-48,17-40,281.6664141920591,214.8016336698983,9.266459240576921,10.859145556016015,0.0,
27,J4K5succ250_ampGrad,0x,1,4,-100,40-63,32-55,285.35821413387737,240.72150237858372,10.486429605825153,7.436129999332478,0.0,
28,J4K5succ250_ampGrad,0x,1,4,-50,55-78,47-70,278.55044674209904,239.91351662750014,6.381811369694559,6.2402047201495625,0.0,
29,J4K5succ250_ampGrad,0x,1,4,0,70-93,62-85,279.71541543364367,267.05046863131173,7.859446939654106,10.62933583634316,0.0,
30,J4K5succ250_ampGrad,0x,1,4,50,85-108,77-100,281.58904926446235,255.26053166415545,7.659354327269,8.71492896000396,0.0,
31,J4K5succ250_ampGrad,0x,1,4,100,100-123,92-115,284.2058623666013,248.83146015599303,11.80803710378882,5.039220778307423,0.0,
32,J4K5succ250_ampGrad,0x,1,4,150,115-138,107-130,280.60443433275657,257.55484499322984,14.79392800573851,10.354502069874314,0.0,
33,J4K5succ250_ampGrad,0x,1,4,200,130-154,122-145,287.2118309279716,245.8322810447469,13.985691149753222,11.65629411947424,0.0,
34,J4K5succ250_ampGrad,0x,1,4,250,146-169,137-161,289.390797302803,245.71244847291203,15.835531411710178,6.9503674654658605,0.0,
35,J4K5succ250_ampGrad,0x,1,4,300,161-184,153-176,286.01246161118644,250.99417153052812,12.403495615820761,4.580010914075217,0.0,
36,J4K5succ250_ampGrad,0x,1,4,350,176-199,168-191,286.37065422312986,264.6060992594236,14.468771384537945,11.503784266679844,0.0,
37,J4K5succ250_ampGrad,0x,1,4,400,191-214,183-206,287.29845846249896,269.0837602086854,18.33289393159464,6.588472197852696,0.0,
38,J4K5succ250_ampGrad,0x,1,4,450,206-229,198-221,287.14496246785137,271.84145776963703,19.05298460710065,11.277644628141218,0.0,
39,J4K5succ250_ampGrad,0x,1,6,-150,25-48,17-40,285.6683504022648,224.9539505521435,13.268395450782636,21.011462438261248,0.0,
40,J4K5succ250_ampGrad,0x,1,6,-100,40-63,32-55,291.41373193672746,247.677291787963,16.541947408675238,14.391919408711715,0.0,
41,J4K5succ250_ampGrad,0x,1,6,-50,55-78,47-70,282.07174516994576,246.42555719907008,9.903109797541275,12.752245291719445,0.0,
42,J4K5succ250_ampGrad,0x,1,6,0,70-93,62-85,284.3475204970622,276.68284598964067,12.49155200307257,20.261713194672094,0.0,
43,J4K5succ250_ampGrad,0x,1,6,50,85-108,77-100,287.7084108242506,264.6246285601364,13.77871588705733,18.07902585598481,0.0,
44,J4K5succ250_ampGrad,0x,1,6,100,100-123,92-115,293.3279943649823,254.2466428728796,20.930169102169828,10.454403495193958,0.0,
45,J4K5succ250_ampGrad,0x,1,6,150,115-138,107-130,292.44774547324727,264.03610334516395,26.63723914622915,16.83576042180843,0.0,
46,J4K5succ250_ampGrad,0x,1,6,200,130-154,122-145,300.8005331552903,254.32611288713025,27.574393377071885,20.150125961857555,0.0,
47,J4K5succ250_ampGrad,0x,1,6,250,146-169,137-161,300.31574947567015,255.04196447317852,26.76048358457729,16.279883465732382,0.0,
48,J4K5succ250_ampGrad,0x,1,6,300,161-184,153-176,297.0457648312749,264.9470341235853,23.4367988359092,18.53287350713242,0.0,
49,J4K5succ250_ampGrad,0x,1,6,350,176-199,168-191,298.901956937222,272.4591444358736,27.000074098630023,19.356829443129893,0.0,
50,J4K5succ250_ampGrad,0x,1,6,400,191-214,183-206,299.62248864360316,274.6303150232609,30.656924112698906,12.135027012428166,0.0,
51,J4K5succ250_ampGrad,0x,1,6,450,206-229,198-221,298.3882063677848,279.99704523817917,30.296228507034016,19.43323209668341,0.0,
52,J4K5succ250_ampGrad,0x,1,8,-150,25-48,17-40,291.6762675941082,230.01736232876843,19.27631264262601,26.074874214886165,0.0,
53,J4K5succ250_ampGrad,0x,1,8,-100,40-63,32-55,295.17436177703564,255.8015854759742,20.302577248983372,22.516213096722932,0.0,
54,J4K5succ250_ampGrad,0x,1,8,-50,55-78,47-70,284.0804402723637,253.00586847913877,11.911804899959181,19.33255657178813,0.0,
55,J4K5succ250_ampGrad,0x,1,8,0,70-93,62-85,290.40116196110057,287.94317553239637,18.54519346711095,31.52204273742785,0.0,
56,J4K5succ250_ampGrad,0x,1,8,50,85-108,77-100,295.8575131667184,282.0715238531846,21.927818229525084,35.52592114903314,0.0,
57,J4K5succ250_ampGrad,0x,1,8,100,100-123,92-115,302.12860032213706,268.5375714750338,29.73077505932457,24.745332097348186,0.0,
58,J4K5succ250_ampGrad,0x,1,8,150,115-138,107-130,304.6645632542044,277.96924030243724,38.85405692718626,30.768897379081718,0.0,
59,J4K5succ250_ampGrad,0x,1,8,200,130-154,122-145,312.21350849470514,263.406660467038,38.987368716486685,29.23067354176536,0.0,
60,J4K5succ250_ampGrad,0x,1,8,250,146-169,137-161,312.9376859661292,265.8903993163508,39.38242007503635,27.128318308904625,0.0,
61,J4K5succ250_ampGrad,0x,1,8,300,161-184,153-176,306.5145298774972,277.4524905864075,32.9055638821315,31.038329969954592,0.0,
62,J4K5succ250_ampGrad,0x,1,8,350,176-199,168-191,310.2030477033678,288.01855541116043,38.30116486477584,34.91624041841672,0.0,
63,J4K5succ250_ampGrad,0x,1,8,400,191-214,183-206,311.58712116034013,289.8413067432068,42.62155662943581,27.34601873237409,0.0,
64,J4K5succ250_ampGrad,0x,1,8,450,206-229,198-221,312.35842187628094,291.7309647944025,44.266444015530226,31.16715165290674,0.0,
65,J4K5succ250_ampGrad,0x,1,10,-150,25-48,17-40,289.95391992025384,236.2504975034848,17.553964968771652,32.30800938960252,0.0,
66,J4K5succ250_ampGrad,0x,1,10,-100,40-63,32-55,293.11278362999604,260.3718467722423,18.24099910194377,27.086474392991022,0.0,
67,J4K5succ250_ampGrad,0x,1,10,-50,55-78,47-70,282.0496173238678,261.36867432566527,9.880981951463356,27.695362418314662,0.0,
68,J4K5succ250_ampGrad,0x,1,10,0,70-93,62-85,289.2719713636381,294.1411581511412,17.41600286964848,37.72002535617258,0.0,
69,J4K5succ250_ampGrad,0x,1,10,50,85-108,77-100,296.13610935321964,295.88009859239446,22.206414416026288,49.33449588824294,0.0,
70,J4K5succ250_ampGrad,0x,1,10,100,100-123,92-115,304.1324211229137,285.38814203017523,31.734595860101194,41.5959026524896,0.0,
71,J4K5succ250_ampGrad,0x,1,10,150,115-138,107-130,310.24182454760336,292.1486323520872,44.43131822058524,44.94828942873167,0.0,
72,J4K5succ250_ampGrad,0x,1,10,200,130-154,122-145,317.8799000497284,272.44101575683135,44.65376027150995,38.265028831558624,0.0,
73,J4K5succ250_ampGrad,0x,1,10,250,146-169,137-161,318.02802322960343,278.7978839609044,44.47275733851064,40.035802953458244,0.0,
74,J4K5succ250_ampGrad,0x,1,10,300,161-184,153-176,309.1731008848951,289.76697983530966,35.56413488952944,43.352819218856716,0.0,
75,J4K5succ250_ampGrad,0x,1,10,350,176-199,168-191,313.2249058119985,303.40492225661444,41.32302297340652,50.302607263870726,0.0,
76,J4K5succ250_ampGrad,0x,1,10,400,191-214,183-206,313.3902753875404,302.5616140192227,44.42471085663607,40.06632600838998,0.0,
77,J4K5succ250_ampGrad,0x,1,10,450,206-229,198-221,316.6707908348338,302.9135538922095,48.578812974083064,42.349740750713686,0.0,
78,J4K5succ250_ampGrad,0x,2,0,-150,45-68,30-53,361.44240287034006,290.0923117599646,0.0,0.0,0.0,
79,J4K5succ250_ampGrad,0x,2,0,-100,60-83,45-68,329.6838535379101,290.7548408951148,0.0,0.0,0.0,
80,J4K5succ250_ampGrad,0x,2,0,-50,75-98,60-83,314.62713805702634,292.4609051418862,0.0,0.0,0.0,
81,J4K5succ250_ampGrad,0x,2,0,0,90-113,75-98,318.7920507139893,292.64181263516986,0.0,0.0,0.0,
82,J4K5succ250_ampGrad,0x,2,0,50,105-128,90-113,322.1852210524353,290.2884575711028,0.0,0.0,0.0,
83,J4K5succ250_ampGrad,0x,2,0,100,120-143,105-128,330.07297343946163,287.23430004624333,0.0,0.0,0.0,
84,J4K5succ250_ampGrad,0x,2,0,150,135-158,120-143,328.20213640183664,283.3702709696475,0.0,0.0,0.0,
85,J4K5succ250_ampGrad,0x,2,0,200,150-173,135-158,332.3165828647746,288.38218502695173,0.0,0.0,0.0,
86,J4K5succ250_ampGrad,0x,2,0,250,165-188,150-173,335.3294991859094,282.191366050159,0.0,0.0,0.0,
87,J4K5succ250_ampGrad,0x,2,0,300,180-203,165-188,326.4077263545208,289.22220947565944,0.0,0.0,0.0,
88,J4K5succ250_ampGrad,0x,2,0,350,195-218,180-203,332.9129764950516,287.880765085309,0.0,0.0,0.0,
89,J4K5succ250_ampGrad,0x,2,0,400,210-233,195-218,353.83892010001716,270.918639850638,0.0,0.0,0.0,
90,J4K5succ250_ampGrad,0x,2,0,450,225-248,210-233,348.490281948915,272.223720249598,0.0,0.0,0.0,
91,J4K5succ250_ampGrad,0x,2,2,-150,45-68,30-53,365.9803541742463,291.62615178524516,4.537951303906255,1.5338400252804831,0.0,
92,J4K5succ250_ampGrad,0x,2,2,-100,60-83,45-68,336.2479524532281,292.8087696169182,6.5640989153179135,2.053928721803402,0.0,
93,J4K5succ250_ampGrad,0x,2,2,-50,75-98,60-83,315.13952627416256,294.11921871232965,0.5123882171361629,1.6583135704435108,0.0,
94,J4K5succ250_ampGrad,0x,2,2,0,90-113,75-98,319.1925545327241,297.3498065500721,0.4005038187348191,4.7079939149023184,0.0,
95,J4K5succ250_ampGrad,0x,2,2,50,105-128,90-113,324.41178732571143,296.07902184875616,2.2265662732761484,5.7905642776533455,0.0,
96,J4K5succ250_ampGrad,0x,2,2,100,120-143,105-128,334.49560829260133,292.9368265971126,4.422634853139755,5.7025265508693215,0.0,
97,J4K5succ250_ampGrad,0x,2,2,150,135-158,120-143,334.00304621221187,289.98993936078745,5.800909810375288,6.619668391139952,0.0,
98,J4K5succ250_ampGrad,0x,2,2,200,150-173,135-158,336.59929527295066,291.77562505091487,4.282712408176053,3.3934400239631373,0.0,
99,J4K5succ250_ampGrad,0x,2,2,250,165-188,150-173,339.85560206179315,283.3774357198784,4.526102875883794,1.1860696697193591,0.0,
100,J4K5succ250_ampGrad,0x,2,2,300,180-203,165-188,334.12951112905506,292.09806258806924,7.721784774534285,2.8758531124098,0.0,
101,J4K5succ250_ampGrad,0x,2,2,350,195-218,180-203,339.74370184309663,288.9120631588196,6.8307253480449495,1.0312980735105841,0.0,
102,J4K5succ250_ampGrad,0x,2,2,400,210-233,195-218,361.7902591318669,278.63012079612906,7.95133903184967,7.711480945491132,0.0,
103,J4K5succ250_ampGrad,0x,2,2,450,225-248,210-233,354.8506668384101,281.4645578667853,6.360384889495093,9.24083761718731,0.0,
104,J4K5succ250_ampGrad,0x,2,4,-150,45-68,30-53,370.9784165569188,295.0887889510593,9.536013686578713,4.996477191094698,0.0,
105,J4K5succ250_ampGrad,0x,2,4,-100,60-83,45-68,346.87153680353987,300.37560674840125,17.187683265629744,9.620765853286457,0.0,
106,J4K5succ250_ampGrad,0x,2,4,-50,75-98,60-83,320.05967483023466,302.08141402482664,5.432536773208311,9.620508882940383,0.0,
107,J4K5succ250_ampGrad,0x,2,4,0,90-113,75-98,325.3819315183415,307.93347346885065,6.58988080435222,15.29166083368091,0.0,
108,J4K5succ250_ampGrad,0x,2,4,50,105-128,90-113,332.5111818928814,304.01217130105437,10.325960840446099,13.723713729951612,0.0,
109,J4K5succ250_ampGrad,0x,2,4,100,120-143,105-128,345.9938883375399,301.6927816601883,15.920914898078305,14.458481613944967,0.0,
110,J4K5succ250_ampGrad,0x,2,4,150,135-158,120-143,344.84753846773947,300.050048972244,16.645402065902886,16.679778002596493,0.0,
111,J4K5succ250_ampGrad,0x,2,4,200,150-173,135-158,347.4239377826476,295.71073899291974,15.10735491787301,7.328553965968013,0.0,
112,J4K5succ250_ampGrad,0x,2,4,250,165-188,150-173,350.7386278660435,287.64727284099683,15.409128680134074,5.4559067908379015,0.0,
113,J4K5succ250_ampGrad,0x,2,4,300,180-203,165-188,348.52470541162154,299.50299241050067,22.116979057100764,10.280782934841284,0.0,
114,J4K5succ250_ampGrad,0x,2,4,350,195-218,180-203,352.2666653782348,291.4874979277624,19.353688883183167,3.606732842453368,0.0,
115,J4K5succ250_ampGrad,0x,2,4,400,210-233,195-218,375.5653850936094,289.9931607964124,21.72646499359217,19.07452094577445,0.0,
116,J4K5succ250_ampGrad,0x,2,4,450,225-248,210-233,370.25222415151694,288.49618065121683,21.761942202601915,16.272460401618847,0.0,
117,J4K5succ250_ampGrad,0x,2,6,-150,45-68,30-53,377.5347826180169,297.0388118702572,16.09237974767683,6.946500110292561,0.0,
118,J4K5succ250_ampGrad,0x,2,6,-100,60-83,45-68,349.0193674101909,305.1579497744107,19.335513872280785,14.403108879295873,0.0,
119,J4K5succ250_ampGrad,0x,2,6,-50,75-98,60-83,323.6443308373455,307.0097394588531,9.017192780319078,14.548834316966918,0.0,
120,J4K5succ250_ampGrad,0x,2,6,0,90-113,75-98,333.59153301735296,320.8915966945568,14.799482303363677,28.24978405938697,0.0,
121,J4K5succ250_ampGrad,0x,2,6,50,105-128,90-113,343.8302838195285,317.4557694970626,21.64506276709324,27.167311925959783,0.0,
122,J4K5succ250_ampGrad,0x,2,6,100,120-143,105-128,357.12368324959914,308.14295862571106,27.05070981013756,20.908658579467726,0.0,
123,J4K5succ250_ampGrad,0x,2,6,150,135-158,120-143,358.91512832216654,302.7534565946619,30.712991920329838,19.38318562501439,0.0,
124,J4K5succ250_ampGrad,0x,2,6,200,150-173,135-158,360.7861883406996,302.85568040637884,28.469605475924997,14.473495379427051,0.0,
125,J4K5succ250_ampGrad,0x,2,6,250,165-188,150-173,363.96786643397775,294.30130974422923,28.63836724806839,12.109943694070239,0.0,
126,J4K5succ250_ampGrad,0x,2,6,300,180-203,165-188,362.40265044212885,301.9250932918092,35.994924087608005,12.702883816149724,0.0,
127,J4K5succ250_ampGrad,0x,2,6,350,195-218,180-203,363.2994402985369,293.8968357445103,30.386463803485302,6.0160706592013184,0.0,
128,J4K5succ250_ampGrad,0x,2,6,400,210-233,195-218,387.4535788519838,297.52733721206175,33.6146587519666,26.608697361423825,0.0,
129,J4K5succ250_ampGrad,0x,2,6,450,225-248,210-233,384.60910475422617,298.32405942627366,36.11882280531114,26.10033917667568,0.0,
130,J4K5succ250_ampGrad,0x,2,8,-150,45-68,30-53,381.15337646601967,301.3409483369413,19.710973595679604,11.248636576976708,0.0,
131,J4K5succ250_ampGrad,0x,2,8,-100,60-83,45-68,348.79722578642236,311.86812097160407,19.113372248512174,21.113280076489275,0.0,
132,J4K5succ250_ampGrad,0x,2,8,-50,75-98,60-83,327.86845454673056,313.67207584481105,13.241316489704161,21.211170702924846,0.0,
133,J4K5succ250_ampGrad,0x,2,8,0,90-113,75-98,339.29124438590844,334.27098969813784,20.49919367191916,41.629177062967976,0.0,
134,J4K5succ250_ampGrad,0x,2,8,50,105-128,90-113,350.6129868379821,330.85990933639334,28.4277657855468,40.5714517652906,0.0,
135,J4K5succ250_ampGrad,0x,2,8,100,120-143,105-128,362.5664216721633,322.3916337260489,32.493448232701674,35.15733367980556,0.0,
136,J4K5succ250_ampGrad,0x,2,8,150,135-158,120-143,365.0818768798322,308.6509871093463,36.87974047799554,25.280716139698825,0.0,
137,J4K5succ250_ampGrad,0x,2,8,200,150-173,135-158,369.37354363126235,310.68741620243105,37.05696076648775,22.30523117547932,0.0,
138,J4K5succ250_ampGrad,0x,2,8,250,165-188,150-173,376.2426630475209,302.15815821593435,40.91316386161151,19.966792165775413,0.0,
139,J4K5succ250_ampGrad,0x,2,8,300,180-203,165-188,374.2162932137389,307.80372970601053,47.808566859218104,18.58152023035109,0.0,
140,J4K5succ250_ampGrad,0x,2,8,350,195-218,180-203,373.73098515181573,296.2506235250155,40.81800865676404,8.36985843970649,0.0,
141,J4K5succ250_ampGrad,0x,2,8,400,210-233,195-218,394.7812764874284,313.5139919230935,40.942356387411174,42.59535207245557,0.0,
142,J4K5succ250_ampGrad,0x,2,8,450,225-248,210-233,395.9749840647957,311.4656677904308,47.484702115880616,39.24194754083283,0.0,
143,J4K5succ250_ampGrad,0x,2,10,-150,45-68,30-53,384.705646321554,304.53185841343463,23.263243451213953,14.43954665346996,0.0,
144,J4K5succ250_ampGrad,0x,2,10,-100,60-83,45-68,350.13673836019547,315.3543562875705,20.452884822285398,24.599515392455714,0.0,
145,J4K5succ250_ampGrad,0x,2,10,-50,75-98,60-83,322.4514277039206,315.70075161704125,7.824289646894215,23.239846475155055,0.0,
146,J4K5succ250_ampGrad,0x,2,10,0,90-113,75-98,338.04110176097026,341.09784251509444,19.24905104698098,48.45602987992464,0.0,
147,J4K5succ250_ampGrad,0x,2,10,50,105-128,90-113,350.6312232962188,339.5537976403725,28.44600224378354,49.26534006926971,0.0,
148,J4K5succ250_ampGrad,0x,2,10,100,120-143,105-128,365.0160689187082,327.73955302243235,34.94309547924655,40.505252976189006,0.0,
149,J4K5succ250_ampGrad,0x,2,10,150,135-158,120-143,374.0879723343105,308.4429683656054,45.885835932473924,25.07269739595791,0.0,
150,J4K5succ250_ampGrad,0x,2,10,200,150-173,135-158,369.78436116933136,315.9753014232531,37.467778304556816,27.593116396301298,0.0,
151,J4K5succ250_ampGrad,0x,2,10,250,165-188,150-173,374.6128564044285,302.1238076170575,39.283357218519136,19.93244156689849,0.0,
152,J4K5succ250_ampGrad,0x,2,10,300,180-203,165-188,373.9573961198598,307.91838247401137,47.54966976533905,18.696172998351926,0.0,
153,J4K5succ250_ampGrad,0x,2,10,350,195-218,180-203,374.15026449580813,297.83264189696035,41.23728800075646,9.951876811651346,0.0,
154,J4K5succ250_ampGrad,0x,2,10,400,210-233,195-218,397.27348909309416,313.4963388473492,43.43456899307694,42.57769899671121,0.0,
155,J4K5succ250_ampGrad,0x,2,10,450,225-248,210-233,404.42184094537873,321.46321833201137,55.93155899646365,49.239498082413434,0.0,
156,J4K5succ250_ampGrad,0x,3,0,-150,34-57,47-70,309.56816132027393,341.12505431684264,0.0,0.0,0.0,
157,J4K5succ250_ampGrad,0x,3,0,-100,49-72,62-85,311.10439724819673,348.42045928056467,0.0,0.0,0.0,
158,J4K5succ250_ampGrad,0x,3,0,-50,64-87,77-100,312.56108868080446,341.09346190026235,0.0,0.0,0.0,
159,J4K5succ250_ampGrad,0x,3,0,0,79-102,92-115,302.1319286851675,337.25431930689825,0.0,0.0,0.0,
160,J4K5succ250_ampGrad,0x,3,0,50,94-117,107-130,302.5146503768367,336.56740416484087,0.0,0.0,0.0,
161,J4K5succ250_ampGrad,0x,3,0,100,109-132,122-145,299.0508737497735,345.8303874086818,0.0,0.0,0.0,
162,J4K5succ250_ampGrad,0x,3,0,150,124-147,137-160,298.90669954731965,344.8461471280551,0.0,0.0,0.0,
163,J4K5succ250_ampGrad,0x,3,0,200,139-162,152-175,301.5496112385132,347.6885302794304,0.0,0.0,0.0,
164,J4K5succ250_ampGrad,0x,3,0,250,154-177,167-190,298.044718479039,353.4081223995789,0.0,0.0,0.0,
165,J4K5succ250_ampGrad,0x,3,0,300,169-193,182-205,296.96514406971784,346.91834505212785,0.0,0.0,0.0,
166,J4K5succ250_ampGrad,0x,3,0,350,185-208,197-220,297.5093286063885,336.525262067935,0.0,0.0,0.0,
167,J4K5succ250_ampGrad,0x,3,0,400,200-223,212-236,288.95858807035387,345.50651680770335,0.0,0.0,0.0,
168,J4K5succ250_ampGrad,0x,3,0,450,215-238,227-251,291.06406172925966,333.65911096871133,0.0,0.0,0.0,
169,J4K5succ250_ampGrad,0x,3,2,-150,34-57,47-70,313.8575391815653,341.3821287455553,4.289377861291371,0.2570744287127127,0.0,
170,J4K5succ250_ampGrad,0x,3,2,-100,49-72,62-85,311.9663768647955,351.16669454733034,0.8619796165987736,2.7462352667656087,0.0,
171,J4K5succ250_ampGrad,0x,3,2,-50,64-87,77-100,314.93544123502465,344.25050369586734,2.3743525542201946,3.1570417956048686,0.0,
172,J4K5succ250_ampGrad,0x,3,2,0,79-102,92-115,303.5316847011156,342.00735427488314,1.3997560159480713,4.753034967984831,0.0,
173,J4K5succ250_ampGrad,0x,3,2,50,94-117,107-130,303.73015765787625,341.65619360436693,1.2155072810395495,5.0887894395260105,0.0,
174,J4K5succ250_ampGrad,0x,3,2,100,109-132,122-145,300.8879962629885,350.39563081705114,1.837122513215036,4.565243408369327,0.0,
175,J4K5succ250_ampGrad,0x,3,2,150,124-147,137-160,301.0367955208184,348.2630582866201,2.1300959734987828,3.416911158564972,0.0,
176,J4K5succ250_ampGrad,0x,3,2,200,139-162,152-175,303.62059420975595,351.92622134065994,2.070982971242813,4.237691061229555,0.0,
177,J4K5succ250_ampGrad,0x,3,2,250,154-177,167-190,301.0700759278965,355.67252386740813,3.025357448857505,2.264401467829259,0.0,
178,J4K5succ250_ampGrad,0x,3,2,300,169-193,182-205,302.1800232589277,351.35315215019995,5.21487918920991,4.434807098072156,0.0,
179,J4K5succ250_ampGrad,0x,3,2,350,185-208,197-220,305.4064064168329,340.98188732168273,7.8970778104444435,4.456625253747745,0.0,
180,J4K5succ250_ampGrad,0x,3,2,400,200-223,212-236,298.97626672764113,348.18813563307157,10.017678657287206,2.681618825368332,0.0,
181,J4K5succ250_ampGrad,0x,3,2,450,215-238,227-251,293.12338170175,340.42948744929345,2.059319972490357,6.770376480582116,0.0,
182,J4K5succ250_ampGrad,0x,3,4,-150,34-57,47-70,317.1918315198821,346.0295146739403,7.623670199608171,4.904460357097719,0.0,
183,J4K5succ250_ampGrad,0x,3,4,-100,49-72,62-85,314.46108680757754,354.31643867071887,3.3566895593808117,5.8959793901542525,0.0,
184,J4K5succ250_ampGrad,0x,3,4,-50,64-87,77-100,317.0018685705683,350.4538344096157,4.440779889763803,9.360372509353283,0.0,
185,J4K5succ250_ampGrad,0x,3,4,0,79-102,92-115,310.01292255027215,349.25179170770247,7.8809938651045846,11.997472400804211,0.0,
186,J4K5succ250_ampGrad,0x,3,4,50,94-117,107-130,311.78726616603126,349.0275823378787,9.27261578919456,12.460178173037775,0.0,
187,J4K5succ250_ampGrad,0x,3,4,100,109-132,122-145,307.67441257037814,356.93394579822336,8.623538820604665,11.103558389541547,0.0,
188,J4K5succ250_ampGrad,0x,3,4,150,124-147,137-160,309.34177297808486,355.19511084238945,10.435073430765273,10.348963714334332,0.0,
189,J4K5succ250_ampGrad,0x,3,4,200,139-162,152-175,311.2613720796745,357.86833135016434,9.711760841161322,10.179801070734015,0.0,
190,J4K5succ250_ampGrad,0x,3,4,250,154-177,167-190,308.1951319443794,359.4904722097237,10.15041346534042,6.08234981014482,0.0,
191,J4K5succ250_ampGrad,0x,3,4,300,169-193,182-205,308.9380239184403,360.13055883281595,11.972879848722528,13.21221378068816,0.0,
192,J4K5succ250_ampGrad,0x,3,4,350,185-208,197-220,312.6282664679659,353.1261515035163,15.118937861577423,16.600889435581337,0.0,
193,J4K5succ250_ampGrad,0x,3,4,400,200-223,212-236,303.67577449014675,356.9008690818682,14.717186419792881,11.394352274164929,0.0,
194,J4K5succ250_ampGrad,0x,3,4,450,215-238,227-251,302.93251385561837,346.0303442197967,11.86845212635882,12.371233251085355,0.0,
195,J4K5succ250_ampGrad,0x,3,6,-150,34-57,47-70,319.93491876485166,349.6877889812416,10.366757444577788,8.562734664398988,0.0,
196,J4K5succ250_ampGrad,0x,3,6,-100,49-72,62-85,318.17279650642524,357.4070670802675,7.068399258228509,8.986607799702824,0.0,
197,J4K5succ250_ampGrad,0x,3,6,-50,64-87,77-100,322.58841882272634,357.9520555139825,10.027330141921881,16.858593613720075,0.0,
198,J4K5succ250_ampGrad,0x,3,6,0,79-102,92-115,315.1315076423395,358.51142021982866,12.999578957171993,21.25710091293041,0.0,
199,J4K5succ250_ampGrad,0x,3,6,50,94-117,107-130,318.9169218617195,359.18738072389107,16.402271484882814,22.619976559050144,0.0,
200,J4K5succ250_ampGrad,0x,3,6,100,109-132,122-145,317.0046720497144,364.65257958555327,17.9537982999409,18.822192176871454,0.0,
201,J4K5succ250_ampGrad,0x,3,6,150,124-147,137-160,318.6857607271024,363.78801660392884,19.779061179782783,18.941869475873663,0.0,
202,J4K5succ250_ampGrad,0x,3,6,200,139-162,152-175,318.9988158458326,366.0355063424735,17.449204607319473,18.346976063043087,0.0,
203,J4K5succ250_ampGrad,0x,3,6,250,154-177,167-190,314.76445558028007,363.75429689868963,16.719737101241094,10.346174499110704,0.0,
204,J4K5succ250_ampGrad,0x,3,6,300,169-193,182-205,316.7801426160612,370.0672104778699,19.81499854634336,23.14886542574209,0.0,
205,J4K5succ250_ampGrad,0x,3,6,350,185-208,197-220,317.8298009586464,365.9703485670825,20.320472352257926,29.44508649914752,0.0,
206,J4K5succ250_ampGrad,0x,3,6,400,200-223,212-236,310.83336957602114,366.1517180570568,21.874781505667208,20.64520124935348,0.0,
207,J4K5succ250_ampGrad,0x,3,6,450,215-238,227-251,313.18148434300787,352.28740954076125,22.11742261374826,18.628298572049914,0.0,
208,J4K5succ250_ampGrad,0x,3,8,-150,34-57,47-70,321.5969256830548,355.0597847778282,12.028764362780864,13.934730460985689,0.0,
209,J4K5succ250_ampGrad,0x,3,8,-100,49-72,62-85,321.81120199775614,359.3339929445629,10.706804749559351,10.913533663998237,0.0,
210,J4K5succ250_ampGrad,0x,3,8,-50,64-87,77-100,325.17780647760486,363.7495966345817,12.616717796800401,22.656134734319266,0.0,
211,J4K5succ250_ampGrad,0x,3,8,0,79-102,92-115,322.6304811384324,368.5285825501757,20.49855245326489,31.274263243277407,0.0,
212,J4K5succ250_ampGrad,0x,3,8,50,94-117,107-130,327.1890604581772,371.18054840200716,24.674410081340515,34.613144237166125,0.0,
213,J4K5succ250_ampGrad,0x,3,8,100,109-132,122-145,327.09782354721335,374.85684167259336,28.04694979743988,29.026454263911607,0.0,
214,J4K5succ250_ampGrad,0x,3,8,150,124-147,137-160,326.77487396558183,375.11888764357985,27.868174418262182,30.272740515524788,0.0,
215,J4K5succ250_ampGrad,0x,3,8,200,139-162,152-175,327.54472612152506,377.2105050623156,25.995114883011922,29.521974782885252,0.0,
216,J4K5succ250_ampGrad,0x,3,8,250,154-177,167-190,323.42032101682594,372.02421563868734,25.37560253778696,18.616093239108466,0.0,
217,J4K5succ250_ampGrad,0x,3,8,300,169-193,182-205,327.43474667632967,381.7979891252456,30.469602606611943,34.879644073117845,0.0,
218,J4K5succ250_ampGrad,0x,3,8,350,185-208,197-220,330.30770117382235,381.1393954362371,32.798372567433944,44.614133368302134,0.0,
219,J4K5succ250_ampGrad,0x,3,8,400,200-223,212-236,322.573673408302,378.0345425381263,33.61508533794812,32.528025730423,0.0,
220,J4K5succ250_ampGrad,0x,3,8,450,215-238,227-251,325.652297166968,364.9137475646247,34.58823543770842,31.254636595913386,0.0,
221,J4K5succ250_ampGrad,0x,3,10,-150,34-57,47-70,320.8352212506045,358.2680011420858,11.267059930330618,17.1429468252432,0.0,
222,J4K5succ250_ampGrad,0x,3,10,-100,49-72,62-85,323.3912840834435,360.5393926934294,12.286886835246776,12.118933412864747,0.0,
223,J4K5succ250_ampGrad,0x,3,10,-50,64-87,77-100,326.55247676293146,366.87848020849736,13.991388082126946,25.78501830823501,0.0,
224,J4K5succ250_ampGrad,0x,3,10,0,79-102,92-115,324.98249569647663,373.7878257259409,22.850567011309124,36.53350641904268,0.0,
225,J4K5succ250_ampGrad,0x,3,10,50,94-117,107-130,330.9146423673819,378.9790382405209,28.39999199054517,42.41163407567996,0.0,
226,J4K5succ250_ampGrad,0x,3,10,100,109-132,122-145,332.26208387676036,381.5381493968872,33.21121012698694,35.70776198820539,0.0,
227,J4K5succ250_ampGrad,0x,3,10,150,124-147,137-160,330.8638154672336,381.6203475762481,31.95711591991403,36.77420044819297,0.0,
228,J4K5succ250_ampGrad,0x,3,10,200,139-162,152-175,331.15596106213457,386.197660973982,29.60634982362143,38.509130694551565,0.0,
229,J4K5succ250_ampGrad,0x,3,10,250,154-177,167-190,328.0629457224903,378.2053866422271,30.018227243451353,24.797264242648172,0.0,
230,J4K5succ250_ampGrad,0x,3,10,300,169-193,182-205,332.0697107666569,392.04251207484884,35.10456669693912,45.12416702272111,0.0,
231,J4K5succ250_ampGrad,0x,3,10,350,185-208,197-220,334.9501894719867,390.7550001824563,37.44086086559821,54.2297381145213,0.0,
232,J4K5succ250_ampGrad,0x,3,10,400,200-223,212-236,329.5051090026261,385.3220718638172,40.546520932272244,39.81555505611391,0.0,
233,J4K5succ250_ampGrad,0x,3,10,450,215-238,227-251,332.65990975416696,377.2573780713925,41.59584802490736,43.59826710268118,0.0,
234,J4K5succ250_ampGrad,1x,1,0,-150,38-61,32-55,307.6621620837403,279.1853156693685,0.0,0.0,0.1,
235,J4K5succ250_ampGrad,1x,1,0,-100,53-76,47-70,303.9073812628025,298.3005950232735,0.0,0.0,0.1,
236,J4K5succ250_ampGrad,1x,1,0,-50,68-91,62-85,308.1213809192488,293.4327304561049,0.0,0.0,0.1,
237,J4K5succ250_ampGrad,1x,1,0,0,83-106,77-100,313.32929501726005,288.33622927142966,0.0,0.0,0.1,
238,J4K5succ250_ampGrad,1x,1,0,50,98-121,92-115,314.85627698522023,286.62191821322057,0.0,0.0,0.1,
239,J4K5succ250_ampGrad,1x,1,0,100,113-136,107-130,310.3646765824642,293.59913738780426,0.0,0.0,0.1,
240,J4K5succ250_ampGrad,1x,1,0,150,128-151,122-145,308.99954982062155,301.62032107386017,0.0,0.0,0.1,
241,J4K5succ250_ampGrad,1x,1,0,200,143-166,137-160,318.8981557458066,296.67718090897165,0.0,0.0,0.1,
242,J4K5succ250_ampGrad,1x,1,0,250,158-181,152-175,319.94178019799443,292.383312811075,0.0,0.0,0.1,
243,J4K5succ250_ampGrad,1x,1,0,300,173-196,167-190,313.40113654428984,295.2970486466233,0.0,0.0,0.1,
244,J4K5succ250_ampGrad,1x,1,0,350,188-211,182-205,315.5152299203474,286.75867722123314,0.0,0.0,0.1,
245,J4K5succ250_ampGrad,1x,1,0,400,203-227,197-220,312.26144655287146,284.214768111091,0.0,0.0,0.1,
246,J4K5succ250_ampGrad,1x,1,0,450,218-242,212-235,313.3994031025091,291.0299417069577,0.0,0.0,0.1,
247,J4K5succ250_ampGrad,1x,1,2,-150,38-61,32-55,310.3595888435397,280.34040339935024,2.697426759799441,1.1550877299816875,0.1,
248,J4K5succ250_ampGrad,1x,1,2,-100,53-76,47-70,304.50977230480845,299.5461426336472,0.6023910420059337,1.2455476103737055,0.1,
249,J4K5succ250_ampGrad,1x,1,2,-50,68-91,62-85,308.40132177159853,296.0061129234488,0.2799408523496254,2.5733824673439467,0.1,
250,J4K5succ250_ampGrad,1x,1,2,0,83-106,77-100,315.09975419291123,290.59274834736755,1.7704591756511832,2.256519075937831,0.1,
251,J4K5succ250_ampGrad,1x,1,2,50,98-121,92-115,317.16237818663905,288.27550651181684,2.3061012014188123,1.6535882985962191,0.1,
252,J4K5succ250_ampGrad,1x,1,2,100,113-136,107-130,312.3346527762444,296.3894148350091,1.9699761937801556,2.7902774472048577,0.1,
253,J4K5succ250_ampGrad,1x,1,2,150,128-151,122-145,310.4309761476124,301.9896025663935,1.4314263269909018,0.36928149253327547,0.1,
254,J4K5succ250_ampGrad,1x,1,2,200,143-166,137-160,321.36857845172364,296.9787235441948,2.4704227059169743,0.3015426352230861,0.1,
255,J4K5succ250_ampGrad,1x,1,2,250,158-181,152-175,323.42897630652845,294.26405615509606,3.4871961085340217,1.8807433440210843,0.1,
256,J4K5succ250_ampGrad,1x,1,2,300,173-196,167-190,317.49216249742625,296.65474402068685,4.091025953136409,1.3576953740636668,0.1,
257,J4K5succ250_ampGrad,1x,1,2,350,188-211,182-205,317.9969530654128,289.09483597588337,2.481723145065416,2.3361587546502847,0.1,
258,J4K5succ250_ampGrad,1x,1,2,400,203-227,197-220,314.8638287577208,285.2343163794097,2.6023822048493344,1.0195482683186583,0.1,
259,J4K5succ250_ampGrad,1x,1,2,450,218-242,212-235,316.7362354478452,294.20322250198075,3.336832345336177,3.173280795023061,0.1,
260,J4K5succ250_ampGrad,1x,1,4,-150,38-61,32-55,318.0016982897692,279.50741316763083,10.33953620602881,0.3220974982622238,0.1,
261,J4K5succ250_ampGrad,1x,1,4,-100,53-76,47-70,307.4816506865548,302.4328559140408,3.5742694237522983,4.132260890767327,0.1,
262,J4K5succ250_ampGrad,1x,1,4,-50,68-91,62-85,311.08221921078626,299.68420071984235,2.9608382915374136,6.251470263737531,0.1,
263,J4K5succ250_ampGrad,1x,1,4,0,83-106,77-100,323.0884865197206,294.1461000570729,9.759191502460569,5.80987078564317,0.1,
264,J4K5succ250_ampGrad,1x,1,4,50,98-121,92-115,324.4937041251545,293.28110525451234,9.637427139934287,6.659187041291831,0.1,
265,J4K5succ250_ampGrad,1x,1,4,100,113-136,107-130,318.49648023856633,299.7274405310248,8.131803656102193,6.1283031432205926,0.1,
266,J4K5succ250_ampGrad,1x,1,4,150,128-151,122-145,317.77948479820685,303.36273428973067,8.779934977585299,1.7424132158704424,0.1,
267,J4K5succ250_ampGrad,1x,1,4,200,143-166,137-160,329.9177508919401,301.4041215344913,11.01959514613344,4.726940625519603,0.1,
268,J4K5succ250_ampGrad,1x,1,4,250,158-181,152-175,333.27389403278625,295.88988563757607,13.332113834791812,3.506572826501099,0.1,
269,J4K5succ250_ampGrad,1x,1,4,300,173-196,167-190,329.321865292634,298.66577853107486,15.920728748344116,3.3687298844516818,0.1,
270,J4K5succ250_ampGrad,1x,1,4,350,188-211,182-205,327.7050234481625,293.21350758661134,12.189793527815088,6.454830365378259,0.1,
271,J4K5succ250_ampGrad,1x,1,4,400,203-227,197-220,324.39023386469484,287.17601324842036,12.12878731182343,2.9612451373293998,0.1,
272,J4K5succ250_ampGrad,1x,1,4,450,218-242,212-235,325.6120487033078,297.51880313693493,12.212645600798796,6.4888614299772485,0.1,
273,J4K5succ250_ampGrad,1x,1,6,-150,38-61,32-55,320.5817259749513,280.9963059054728,12.919563891210997,1.81099023610426,0.1,
274,J4K5succ250_ampGrad,1x,1,6,-100,53-76,47-70,307.11345380356323,305.2464542636781,3.206072540760715,6.945859240404617,0.1,
275,J4K5succ250_ampGrad,1x,1,6,-50,68-91,62-85,311.4561489587546,300.58690717663865,3.334768039505775,7.154176720533769,0.1,
276,J4K5succ250_ampGrad,1x,1,6,0,83-106,77-100,328.67587616385083,297.77527870989536,15.346581146590779,9.439049438465702,0.1,
277,J4K5succ250_ampGrad,1x,1,6,50,98-121,92-115,330.8142195818974,297.7866229903324,15.957942596677187,11.164704777111806,0.1,
278,J4K5succ250_ampGrad,1x,1,6,100,113-136,107-130,324.448138448956,303.76025349463833,14.083461866491804,10.161116106834015,0.1,
279,J4K5succ250_ampGrad,1x,1,6,150,128-151,122-145,324.60626221503816,305.5234550991526,15.606712394416606,3.903134025292388,0.1,
280,J4K5succ250_ampGrad,1x,1,6,200,143-166,137-160,336.33000550924686,303.4200244617028,17.43184976344031,6.742843552731074,0.1,
281,J4K5succ250_ampGrad,1x,1,6,250,158-181,152-175,339.8122540812985,296.4240045416512,19.870473883304047,4.040691730576157,0.1,
282,J4K5succ250_ampGrad,1x,1,6,300,173-196,167-190,339.07332111015495,300.848600281794,25.672184565865113,5.5515516351707666,0.1,
283,J4K5succ250_ampGrad,1x,1,6,350,188-211,182-205,334.3366011551336,295.51260521079973,18.821371234786174,8.753927989566648,0.1,
284,J4K5succ250_ampGrad,1x,1,6,400,203-227,197-220,331.98513743364634,291.86341565464147,19.723690880774825,7.648647543550509,0.1,
285,J4K5succ250_ampGrad,1x,1,6,450,218-242,212-235,335.0708078509882,303.03397399508594,21.671404748479176,12.004032288128256,0.1,
286,J4K5succ250_ampGrad,1x,1,8,-150,38-61,32-55,326.2551949492132,280.9133399863844,18.59303286547288,1.7280243170158087,0.1,
287,J4K5succ250_ampGrad,1x,1,8,-100,53-76,47-70,309.6139268312024,307.3700988875557,5.706545568399861,9.069503864282183,0.1,
288,J4K5succ250_ampGrad,1x,1,8,-50,68-91,62-85,317.8165151627743,303.68176865397146,9.695134243525443,10.249038197866641,0.1,
289,J4K5succ250_ampGrad,1x,1,8,0,83-106,77-100,338.89678327117525,303.2500423632613,25.5674882539152,14.913813091831514,0.1,
290,J4K5succ250_ampGrad,1x,1,8,50,98-121,92-115,340.27075333995737,303.0660766468762,25.41447635473719,16.444158433655616,0.1,
291,J4K5succ250_ampGrad,1x,1,8,100,113-136,107-130,335.8392163458805,306.6090199760917,25.47453976341626,13.00988258828744,0.1,
292,J4K5succ250_ampGrad,1x,1,8,150,128-151,122-145,336.4008591156429,308.6254002492776,27.40130929502141,7.005079175417336,0.1,
293,J4K5succ250_ampGrad,1x,1,8,200,143-166,137-160,345.7863238429396,308.10918365223927,26.888168097132958,11.43200274326756,0.1,
294,J4K5succ250_ampGrad,1x,1,8,250,158-181,152-175,349.3500060152681,299.56293962683446,29.408225817273607,7.179626815759548,0.1,
295,J4K5succ250_ampGrad,1x,1,8,300,173-196,167-190,348.88067194406767,303.2464067980595,35.47953539977789,7.949358151436229,0.1,
296,J4K5succ250_ampGrad,1x,1,8,350,188-211,182-205,343.58521020131303,301.50838640696213,28.069980280965577,14.749709185728989,0.1,
297,J4K5succ250_ampGrad,1x,1,8,400,203-227,197-220,342.0086758351433,296.96264790140145,29.747229282271856,12.747879790310435,0.1,
298,J4K5succ250_ampGrad,1x,1,8,450,218-242,212-235,346.3392353324776,307.74879175682037,32.93983222996849,16.718850049862738,0.1,
299,J4K5succ250_ampGrad,1x,1,10,-150,38-61,32-55,327.52604759077343,278.58538364655413,19.863885507033103,-0.5999320228144143,0.1,
300,J4K5succ250_ampGrad,1x,1,10,-100,53-76,47-70,309.5189150379004,310.31019668680193,5.6115337750978265,12.009601663528429,0.1,
301,J4K5succ250_ampGrad,1x,1,10,-50,68-91,62-85,316.9153238086855,308.0303406351823,8.793942889436664,14.597610179077435,0.1,
302,J4K5succ250_ampGrad,1x,1,10,0,83-106,77-100,340.90884868698504,307.4353623491614,27.579553669724987,19.099133077731665,0.1,
303,J4K5succ250_ampGrad,1x,1,10,50,98-121,92-115,344.2506775656128,309.5779507749883,29.394400580392585,22.956032561767763,0.1,
304,J4K5succ250_ampGrad,1x,1,10,100,113-136,107-130,341.6212985263438,311.86078046958363,31.256621943879622,18.261643081779308,0.1,
305,J4K5succ250_ampGrad,1x,1,10,150,128-151,122-145,343.7456097453805,311.5603135755126,34.746059924758924,9.939992501652398,0.1,
306,J4K5succ250_ampGrad,1x,1,10,200,143-166,137-160,352.45327762025687,311.17431943763967,33.555121874450265,14.497138528668016,0.1,
307,J4K5succ250_ampGrad,1x,1,10,250,158-181,152-175,357.5554480653402,302.11969015746405,37.61366786734578,9.736377346389077,0.1,
308,J4K5succ250_ampGrad,1x,1,10,300,173-196,167-190,357.4375943758525,307.189718203951,44.03645783156264,11.892669557327736,0.1,
309,J4K5succ250_ampGrad,1x,1,10,350,188-211,182-205,350.5608930477678,308.285903670811,35.045663127420426,21.52722644957793,0.1,
310,J4K5succ250_ampGrad,1x,1,10,400,203-227,197-220,348.94561800083795,305.5462447204228,36.68417144796649,21.33147660933179,0.1,
311,J4K5succ250_ampGrad,1x,1,10,450,218-242,212-235,354.3489491942057,312.86943957217164,40.94954609169662,21.83949786521396,0.1,
312,J4K5succ250_ampGrad,1x,2,0,-150,32-55,27-50,295.48623670623886,284.60981169313635,0.0,0.0,0.1,
313,J4K5succ250_ampGrad,1x,2,0,-100,47-70,42-65,294.9260853273061,260.76592055777473,0.0,0.0,0.1,
314,J4K5succ250_ampGrad,1x,2,0,-50,62-85,57-80,293.8982152250644,269.2352995819825,0.0,0.0,0.1,
315,J4K5succ250_ampGrad,1x,2,0,0,77-100,72-95,285.27017867839487,273.2968049799205,0.0,0.0,0.1,
316,J4K5succ250_ampGrad,1x,2,0,50,92-115,87-110,284.7830310057487,283.23318837696013,0.0,0.0,0.1,
317,J4K5succ250_ampGrad,1x,2,0,100,107-130,102-125,280.44594653739705,278.1986240066938,0.0,0.0,0.1,
318,J4K5succ250_ampGrad,1x,2,0,150,122-145,117-140,286.72437288813234,271.43828613054353,0.0,0.0,0.1,
319,J4K5succ250_ampGrad,1x,2,0,200,137-160,132-155,290.0661696334,269.4246717645886,0.0,0.0,0.1,
320,J4K5succ250_ampGrad,1x,2,0,250,152-175,147-170,285.0719986340005,264.2180470435728,0.0,0.0,0.1,
321,J4K5succ250_ampGrad,1x,2,0,300,167-190,162-185,292.43515367296243,262.2037102511966,0.0,0.0,0.1,
322,J4K5succ250_ampGrad,1x,2,0,350,182-205,177-200,300.04860342205484,269.8728486096411,0.0,0.0,0.1,
323,J4K5succ250_ampGrad,1x,2,0,400,197-220,192-215,292.800158386422,276.8613080635276,0.0,0.0,0.1,
324,J4K5succ250_ampGrad,1x,2,0,450,212-235,207-231,292.66666222254327,274.3195732246648,0.0,0.0,0.1,
325,J4K5succ250_ampGrad,1x,2,2,-150,32-55,27-50,307.1476675370175,287.1621168367454,11.661430830778556,2.5523051436090327,0.1,
326,J4K5succ250_ampGrad,1x,2,2,-100,47-70,42-65,298.3654045530152,261.5250740238737,3.4393192257090845,0.759153466098951,0.1,
327,J4K5succ250_ampGrad,1x,2,2,-50,62-85,57-80,295.65476420617335,272.6071208533616,1.7565489811090629,3.3718212713791336,0.1,
328,J4K5succ250_ampGrad,1x,2,2,0,77-100,72-95,288.99785998738037,277.6739610439777,3.727681308985496,4.377156064057203,0.1,
329,J4K5succ250_ampGrad,1x,2,2,50,92-115,87-110,289.5773693875979,287.6951996504372,4.7943383818492284,4.462011273477003,0.1,
330,J4K5succ250_ampGrad,1x,2,2,100,107-130,102-125,286.54321923558234,281.90071213397215,6.097272698185236,3.702088127278273,0.1,
331,J4K5succ250_ampGrad,1x,2,2,150,122-145,117-140,289.87417362549235,273.2805470721944,3.1498007373600103,1.8422609416508635,0.1,
332,J4K5succ250_ampGrad,1x,2,2,200,137-160,132-155,292.40239903559336,271.71127039556245,2.3362294021933963,2.286598630973799,0.1,
333,J4K5succ250_ampGrad,1x,2,2,250,152-175,147-170,289.2350400875708,267.13255613041576,4.163041453570314,2.9145090868429406,0.1,
334,J4K5succ250_ampGrad,1x,2,2,300,167-190,162-185,295.0190101451498,265.6355351014049,2.583856472187392,3.4318248502083293,0.1,
335,J4K5succ250_ampGrad,1x,2,2,350,182-205,177-200,301.6248841820918,274.27663070776833,1.5762807600369229,4.403782098127182,0.1,
336,J4K5succ250_ampGrad,1x,2,2,400,197-220,192-215,295.73908052507824,278.1484856783008,2.9389221386562667,1.2871776147732137,0.1,
337,J4K5succ250_ampGrad,1x,2,2,450,212-235,207-231,297.49787196873245,278.5965677357222,4.831209746189188,4.27699451105741,0.1,
338,J4K5succ250_ampGrad,1x,2,4,-150,32-55,27-50,321.1896874734038,288.0474340990448,25.703450767164952,3.4376224059084284,0.1,
339,J4K5succ250_ampGrad,1x,2,4,-100,47-70,42-65,305.3410244890775,260.5037348740705,10.414939161771372,-0.2621856837042173,0.1,
340,J4K5succ250_ampGrad,1x,2,4,-50,62-85,57-80,300.0608657743483,270.8101232643132,6.162650549283968,1.5748236823307025,0.1,
341,J4K5succ250_ampGrad,1x,2,4,0,77-100,72-95,297.96723377669184,280.0818015104977,12.697055098297026,6.784996530577133,0.1,
342,J4K5succ250_ampGrad,1x,2,4,50,92-115,87-110,298.4688686024711,291.33860793829245,13.685837596722422,8.105419561332326,0.1,
343,J4K5succ250_ampGrad,1x,2,4,100,107-130,102-125,297.0597449326833,282.78552663048265,16.613798395286267,4.586902623788888,0.1,
344,J4K5succ250_ampGrad,1x,2,4,150,122-145,117-140,299.0784941098545,274.9288779118261,12.354121221722211,3.4905917812826037,0.1,
345,J4K5succ250_ampGrad,1x,2,4,200,137-160,132-155,300.6572314303589,276.41264458939304,10.591061796958853,6.987972824804388,0.1,
346,J4K5succ250_ampGrad,1x,2,4,250,152-175,147-170,299.9418135835021,270.14400639452754,14.869814949501574,5.925959350954656,0.1,
347,J4K5succ250_ampGrad,1x,2,4,300,167-190,162-185,304.4310862179715,272.19470891269503,11.995932545009055,9.990998661498397,0.1,
348,J4K5succ250_ampGrad,1x,2,4,350,182-205,177-200,309.38727668298236,279.00503317813747,9.338673260927463,9.132184568496369,0.1,
349,J4K5succ250_ampGrad,1x,2,4,400,197-220,192-215,302.9435580914615,281.8588371535583,10.143399705039544,4.997529090030697,0.1,
350,J4K5succ250_ampGrad,1x,2,4,450,212-235,207-231,309.0957972076522,281.9952103259931,16.429134985108927,7.675637101328333,0.1,
351,J4K5succ250_ampGrad,1x,2,6,-150,32-55,27-50,330.7296871847232,293.08168020292237,35.243450478484306,8.471868509786077,0.1,
352,J4K5succ250_ampGrad,1x,2,6,-100,47-70,42-65,314.57785729382164,262.2134624881379,19.651771966515525,1.4475419303631725,0.1,
353,J4K5succ250_ampGrad,1x,2,6,-50,62-85,57-80,308.6707613014782,276.04232214440924,14.772546076413846,6.807022562426766,0.1,
354,J4K5succ250_ampGrad,1x,2,6,0,77-100,72-95,308.65742638055906,290.39557244072745,23.387247702164192,17.098767460806926,0.1,
355,J4K5succ250_ampGrad,1x,2,6,50,92-115,87-110,313.96619859305997,300.8815360910492,29.183167587311345,17.648347714089027,0.1,
356,J4K5succ250_ampGrad,1x,2,6,100,107-130,102-125,311.2762970720434,288.71706013552136,30.83035053464636,10.518436128827602,0.1,
357,J4K5succ250_ampGrad,1x,2,6,150,122-145,117-140,309.6858317886945,277.79956951242923,22.96145890056221,6.361283381885755,0.1,
358,J4K5succ250_ampGrad,1x,2,6,200,137-160,132-155,311.55207756696177,283.3892516733356,21.485907933561744,13.964579908746998,0.1,
359,J4K5succ250_ampGrad,1x,2,6,250,152-175,147-170,312.1306450950959,276.18151822888154,27.058646461095353,11.963471185308721,0.1,
360,J4K5succ250_ampGrad,1x,2,6,300,167-190,162-185,314.89953934477774,279.94817682104235,22.46438567181531,17.74446656984571,0.1,
361,J4K5succ250_ampGrad,1x,2,6,350,182-205,177-200,319.4446544379736,287.52494151975134,19.396051015918715,17.652092910110238,0.1,
362,J4K5succ250_ampGrad,1x,2,6,400,197-220,192-215,314.80805390607225,288.5852523168836,22.007895519650283,11.723944253356025,0.1,
363,J4K5succ250_ampGrad,1x,2,6,450,212-235,207-231,322.3989229050002,285.36304612670034,29.732260682456907,11.043472902035603,0.1,
364,J4K5succ250_ampGrad,1x,2,8,-150,32-55,27-50,337.28616461095964,297.19458301290797,41.799927904720725,12.584771319771619,0.1,
365,J4K5succ250_ampGrad,1x,2,8,-100,47-70,42-65,316.4646131674363,262.1529630386668,21.5385278401302,1.3870424808920347,0.1,
366,J4K5succ250_ampGrad,1x,2,8,-50,62-85,57-80,311.83039362129637,272.37295762552435,17.93217839623207,3.137658043541877,0.1,
367,J4K5succ250_ampGrad,1x,2,8,0,77-100,72-95,314.52759498324,297.9158278568568,29.25741630484509,24.619022876936302,0.1,
368,J4K5succ250_ampGrad,1x,2,8,50,92-115,87-110,326.5330616253076,315.000822402919,41.75003061955897,31.767634025958902,0.1,
369,J4K5succ250_ampGrad,1x,2,8,100,107-130,102-125,328.0850107741969,299.11669239713314,47.63906423679981,20.918068390439263,0.1,
370,J4K5succ250_ampGrad,1x,2,8,150,122-145,117-140,322.11778045653926,288.30780890992304,35.39340756840693,16.86952277937956,0.1,
371,J4K5succ250_ampGrad,1x,2,8,200,137-160,132-155,323.6336978307793,292.8863680376088,33.567528197379325,23.46169627302015,0.1,
372,J4K5succ250_ampGrad,1x,2,8,250,152-175,147-170,326.2967021023705,283.86776968675616,41.224703468369974,19.64972264318328,0.1,
373,J4K5succ250_ampGrad,1x,2,8,300,167-190,162-185,324.76841030020637,291.24400389078653,32.333256627244,29.040293639589947,0.1,
374,J4K5succ250_ampGrad,1x,2,8,350,182-205,177-200,327.70798565317824,295.7178756922105,27.65938223112334,25.8450270825694,0.1,
375,J4K5succ250_ampGrad,1x,2,8,400,197-220,192-215,326.25604136409567,293.99160176892997,33.455882977673696,17.130293705402437,0.1,
376,J4K5succ250_ampGrad,1x,2,8,450,212-235,207-231,333.40279341103735,293.34727500030095,40.73613118849403,19.02770177563616,0.1,
377,J4K5succ250_ampGrad,1x,2,10,-150,32-55,27-50,341.9582072211025,300.30041451264407,46.47197051486359,15.690602819507715,0.1,
378,J4K5succ250_ampGrad,1x,2,10,-100,47-70,42-65,318.1613963530669,266.2287801913675,23.23531102576078,5.462859633592757,0.1,
379,J4K5succ250_ampGrad,1x,2,10,-50,62-85,57-80,315.02731537888724,275.76251700063733,21.129100153822893,6.527217418654858,0.1,
380,J4K5succ250_ampGrad,1x,2,10,0,77-100,72-95,324.56125010468844,306.09117367378065,39.29107142629357,32.79436869386018,0.1,
381,J4K5succ250_ampGrad,1x,2,10,50,92-115,87-110,341.00636551892563,324.2367080193125,56.22333451317696,41.00351964235239,0.1,
382,J4K5succ250_ampGrad,1x,2,10,100,107-130,102-125,343.4072543140395,309.8882968147484,62.961307776642464,31.689672808054574,0.1,
383,J4K5succ250_ampGrad,1x,2,10,150,122-145,117-140,340.37192403141313,297.74601608724794,53.647551143280744,26.307729956704463,0.1,
384,J4K5succ250_ampGrad,1x,2,10,200,137-160,132-155,337.44621648009087,301.48664157997064,47.38004684669085,32.06196981538193,0.1,
385,J4K5succ250_ampGrad,1x,2,10,250,152-175,147-170,341.6432538221326,293.8389929949679,56.571255188132106,29.62094595139507,0.1,
386,J4K5succ250_ampGrad,1x,2,10,300,167-190,162-185,338.5096103949827,302.3710174364621,46.07445672202027,40.16730718526554,0.1,
387,J4K5succ250_ampGrad,1x,2,10,350,182-205,177-200,332.443105007128,304.71906508201107,32.3945015850731,34.84621647236997,0.1,
388,J4K5succ250_ampGrad,1x,2,10,400,197-220,192-215,336.7585521734132,304.2807650183628,43.958393786991174,27.4194569548352,0.1,
389,J4K5succ250_ampGrad,1x,2,10,450,212-235,207-231,347.0128857649266,302.3338389674176,54.34622354238336,28.014265742752738,0.1,
390,J4K5succ250_ampGrad,1x,3,0,-150,41-64,35-58,326.54895313747795,286.14388656442617,0.0,0.0,0.1,
391,J4K5succ250_ampGrad,1x,3,0,-100,56-79,50-73,323.32966642955137,292.6400647278068,0.0,0.0,0.1,
392,J4K5succ250_ampGrad,1x,3,0,-50,71-94,65-88,300.9147736100703,275.204415145606,0.0,0.0,0.1,
393,J4K5succ250_ampGrad,1x,3,0,0,86-109,80-103,294.08509220151865,284.8122269594398,0.0,0.0,0.1,
394,J4K5succ250_ampGrad,1x,3,0,50,101-124,95-118,304.94491291799886,297.1576286714225,0.0,0.0,0.1,
395,J4K5succ250_ampGrad,1x,3,0,100,116-139,110-133,310.25985389989137,278.33536045369783,0.0,0.0,0.1,
396,J4K5succ250_ampGrad,1x,3,0,150,131-154,125-148,320.10865785811137,309.2304575017017,0.0,0.0,0.1,
397,J4K5succ250_ampGrad,1x,3,0,200,146-169,140-163,323.2991314565814,319.06977508063125,0.0,0.0,0.1,
398,J4K5succ250_ampGrad,1x,3,0,250,161-184,155-178,320.6222490941864,316.6300369989611,0.0,0.0,0.1,
399,J4K5succ250_ampGrad,1x,3,0,300,176-199,170-193,324.1207749286612,322.9711873110768,0.0,0.0,0.1,
400,J4K5succ250_ampGrad,1x,3,0,350,191-214,185-208,322.8402492440528,323.1486377937817,0.0,0.0,0.1,
401,J4K5succ250_ampGrad,1x,3,0,400,206-230,200-223,325.9307691664511,318.3431385149607,0.0,0.0,0.1,
402,J4K5succ250_ampGrad,1x,3,0,450,221-245,215-239,330.48942774593223,319.1544976444174,0.0,0.0,0.1,
403,J4K5succ250_ampGrad,1x,3,2,-150,41-64,35-58,332.37589449996574,289.1727895136944,5.826941362487787,3.0289029492681716,0.1,
404,J4K5succ250_ampGrad,1x,3,2,-100,56-79,50-73,335.36468523263375,295.45761164633626,12.035018803082323,2.8175469185294446,0.1,
405,J4K5succ250_ampGrad,1x,3,2,-50,71-94,65-88,309.61921594578325,274.13923789908506,8.70444233571294,-1.0651772465208182,0.1,
406,J4K5succ250_ampGrad,1x,3,2,0,86-109,80-103,299.1027050132116,287.84694672023016,5.0176128116929135,3.0347197607903813,0.1,
407,J4K5succ250_ampGrad,1x,3,2,50,101-124,95-118,310.7446821477808,299.9472102335895,5.799769229781929,2.7895815621669726,0.1,
408,J4K5succ250_ampGrad,1x,3,2,100,116-139,110-133,319.3857798302536,283.8235349360548,9.125925930362145,5.488174482357067,0.1,
409,J4K5succ250_ampGrad,1x,3,2,150,131-154,125-148,326.8896548721175,310.88281636954633,6.780997014006117,1.6523588678447254,0.1,
410,J4K5succ250_ampGrad,1x,3,2,200,146-169,140-163,332.7555408329579,321.20153084331474,9.456409376376484,2.131755762683497,0.1,
411,J4K5succ250_ampGrad,1x,3,2,250,161-184,155-178,332.80217034169584,319.4413612772717,12.179921247509524,2.8113242783106784,0.1,
412,J4K5succ250_ampGrad,1x,3,2,300,176-199,170-193,333.6887528684293,325.14581908040725,9.567977939768127,2.1746317693304604,0.1,
413,J4K5succ250_ampGrad,1x,3,2,350,191-214,185-208,330.51284252730517,327.9503110911839,7.672593283252354,4.801673297402203,0.1,
414,J4K5succ250_ampGrad,1x,3,2,400,206-230,200-223,333.28912302021047,323.029279720868,7.358353853759353,4.6861412059072896,0.1,
415,J4K5succ250_ampGrad,1x,3,2,450,221-245,215-239,339.8465711970112,323.0539085379981,9.357143451078912,3.8994108935806366,0.1,
416,J4K5succ250_ampGrad,1x,3,4,-150,41-64,35-58,341.0133948410496,285.72735980729414,14.464441703571596,-0.4165267571320896,0.1,
417,J4K5succ250_ampGrad,1x,3,4,-100,56-79,50-73,348.7678963032669,294.10970735989224,25.4382298737155,1.4696426320854243,0.1,
418,J4K5succ250_ampGrad,1x,3,4,-50,71-94,65-88,323.6344715623818,280.10244093433084,22.71969795231149,4.898025788724908,0.1,
419,J4K5succ250_ampGrad,1x,3,4,0,86-109,80-103,307.9643140700954,298.85514606641794,13.879221868576677,14.042919106978161,0.1,
420,J4K5succ250_ampGrad,1x,3,4,50,101-124,95-118,320.8508581501103,309.0624449598342,15.905945232111435,11.904816288411665,0.1,
421,J4K5succ250_ampGrad,1x,3,4,100,116-139,110-133,334.09452302552523,293.08801824983533,23.834669125633805,14.752657796137555,0.1,
422,J4K5succ250_ampGrad,1x,3,4,150,131-154,125-148,339.6398102092532,315.96152970246953,19.53115235114177,6.731072200767869,0.1,
423,J4K5succ250_ampGrad,1x,3,4,200,146-169,140-163,345.33907616749536,325.3415599990205,22.039944710914032,6.271784918389244,0.1,
424,J4K5succ250_ampGrad,1x,3,4,250,161-184,155-178,356.6033121187063,321.26108469515304,35.98106302451987,4.631047696192012,0.1,
425,J4K5succ250_ampGrad,1x,3,4,300,176-199,170-193,353.4427973783783,327.75011627127486,29.32202244971711,4.7789289601981295,0.1,
426,J4K5succ250_ampGrad,1x,3,4,350,191-214,185-208,344.58998876104295,330.8412868642963,21.74973951699013,7.692649070514619,0.1,
427,J4K5succ250_ampGrad,1x,3,4,400,206-230,200-223,347.5761559995881,323.4191642147242,21.645386833136968,5.076025699763534,0.1,
428,J4K5succ250_ampGrad,1x,3,4,450,221-245,215-239,355.89309103662544,324.7885810412152,25.403663290693203,5.6340833967977355,0.1,
429,J4K5succ250_ampGrad,1x,3,6,-150,41-64,35-58,345.4012188863292,286.0139285824468,18.85226574885121,-0.12995798197937347,0.1,
430,J4K5succ250_ampGrad,1x,3,6,-100,56-79,50-73,363.35806093343706,298.74974444043426,40.02839450388564,6.1096797126274405,0.1,
431,J4K5succ250_ampGrad,1x,3,6,-50,71-94,65-88,338.24876052691764,290.227681750309,37.33398691684732,15.023266604703052,0.1,
432,J4K5succ250_ampGrad,1x,3,6,0,86-109,80-103,314.4815258150978,307.1858608900689,20.39643361357912,22.373633930629182,0.1,
433,J4K5succ250_ampGrad,1x,3,6,50,101-124,95-118,330.2357352871872,320.4708551031239,25.290822369188326,23.31322643170137,0.1,
434,J4K5succ250_ampGrad,1x,3,6,100,116-139,110-133,347.4251763620541,307.017856521484,37.165322462162685,28.68249606778625,0.1,
435,J4K5succ250_ampGrad,1x,3,6,150,131-154,125-148,350.79772438595245,324.081249421133,30.689066527841078,14.850791919431346,0.1,
436,J4K5succ250_ampGrad,1x,3,6,200,146-169,140-163,358.5189379313473,328.10599055557924,35.219806474765896,9.036215474947994,0.1,
437,J4K5succ250_ampGrad,1x,3,6,250,161-184,155-178,373.33482926136634,324.4815600164232,52.712580167179965,7.8515230174621715,0.1,
438,J4K5succ250_ampGrad,1x,3,6,300,176-199,170-193,366.1192139858106,333.80069189779636,41.998439057149426,10.829504586719565,0.1,
439,J4K5succ250_ampGrad,1x,3,6,350,191-214,185-208,355.87456686547586,337.7648631364526,33.0343176214231,14.61622534267093,0.1,
440,J4K5succ250_ampGrad,1x,3,6,400,206-230,200-223,362.6954833889618,329.8477850707232,36.76471422251068,11.504646555762465,0.1,
441,J4K5succ250_ampGrad,1x,3,6,450,221-245,215-239,366.28048305283147,331.20762580173164,35.79105530689929,12.05312815731412,0.1,
442,J4K5succ250_ampGrad,1x,3,8,-150,41-64,35-58,351.59820855473333,287.79584564146097,25.04925541725544,1.6519590770347463,0.1,
443,J4K5succ250_ampGrad,1x,3,8,-100,56-79,50-73,374.05928673078085,303.40568121840147,50.72962030122943,10.765616490594653,0.1,
444,J4K5succ250_ampGrad,1x,3,8,-50,71-94,65-88,352.52439460563113,296.767316977014,51.60962099556076,21.562901831408052,0.1,
445,J4K5succ250_ampGrad,1x,3,8,0,86-109,80-103,319.809754951135,318.8972488790157,25.7246627496163,34.08502191957598,0.1,
446,J4K5succ250_ampGrad,1x,3,8,50,101-124,95-118,338.1371880195295,334.70815420797834,33.19227510153064,37.55052553655588,0.1,
447,J4K5succ250_ampGrad,1x,3,8,100,116-139,110-133,358.37314045324104,315.11150147178864,48.11328655334961,36.77614101809081,0.1,
448,J4K5succ250_ampGrad,1x,3,8,150,131-154,125-148,362.30265789522514,331.34007145473663,42.19400003711371,22.109613953034913,0.1,
449,J4K5succ250_ampGrad,1x,3,8,200,146-169,140-163,371.67754058771334,334.93379828983416,48.37840913113189,15.864023209202971,0.1,
450,J4K5succ250_ampGrad,1x,3,8,250,161-184,155-178,390.868322671517,326.7121297564314,70.24607357733066,10.082092757470377,0.1,
451,J4K5succ250_ampGrad,1x,3,8,300,176-199,170-193,378.17349552694463,335.0823252959379,54.052720598283436,12.111137984861159,0.1,
452,J4K5succ250_ampGrad,1x,3,8,350,191-214,185-208,367.76690886405925,346.876766273853,44.926659620006426,23.728128480071287,0.1,
453,J4K5succ250_ampGrad,1x,3,8,400,206-230,200-223,378.67424594099856,345.42309520332975,52.74347677454739,27.079956688369066,0.1,
454,J4K5succ250_ampGrad,1x,3,8,450,221-245,215-239,380.35177070851,337.10336451225413,49.86234296257777,17.948866867836614,0.1,
455,J4K5succ250_ampGrad,1x,3,10,-150,41-64,35-58,356.589243781877,291.23370435469195,30.040290644399022,5.089817790265727,0.1,
456,J4K5succ250_ampGrad,1x,3,10,-100,56-79,50-73,383.96682500731714,309.44580494839227,60.637158577765724,16.80574022058545,0.1,
457,J4K5succ250_ampGrad,1x,3,10,-50,71-94,65-88,367.55142138657783,304.5989700185717,66.63664777650746,29.39455487296573,0.1,
458,J4K5succ250_ampGrad,1x,3,10,0,86-109,80-103,325.21931353184164,327.3017777146938,31.13422133032293,42.489550755254065,0.1,
459,J4K5succ250_ampGrad,1x,3,10,50,101-124,95-118,343.39223206476083,348.42505574999046,38.447319146762034,51.267427078567955,0.1,
460,J4K5succ250_ampGrad,1x,3,10,100,116-139,110-133,372.2903594904917,323.3784643028323,62.03050559060029,45.04310384913453,0.1,
461,J4K5succ250_ampGrad,1x,3,10,150,131-154,125-148,379.02218727089934,343.6343581057768,58.91352941278797,34.40390060407515,0.1,
462,J4K5succ250_ampGrad,1x,3,10,200,146-169,140-163,387.1858077075699,345.54118059227744,63.8866762509885,26.4714055116462,0.1,
463,J4K5succ250_ampGrad,1x,3,10,250,161-184,155-178,407.82326790736903,330.61353171865636,87.2010188131826,13.983494719695384,0.1,
464,J4K5succ250_ampGrad,1x,3,10,300,176-199,170-193,392.02761433186777,342.817303143168,67.90683940320656,19.846115832091183,0.1,
465,J4K5succ250_ampGrad,1x,3,10,350,191-214,185-208,381.4569702511478,359.69009682271167,58.61672100709506,36.54145902892992,0.1,
466,J4K5succ250_ampGrad,1x,3,10,400,206-230,200-223,390.6625451958386,358.73904898871217,64.7317760293875,40.39591047375149,0.1,
467,J4K5succ250_ampGrad,1x,3,10,450,221-245,215-239,392.6345826305612,343.78309996962275,62.14515488462894,24.62860232520529,0.1,
468,J4K5succ250_ampGrad,3x,1,0,-150,27-50,34-57,279.15886127716624,287.3802174826295,0.0,0.0,0.31622776601683794,
469,J4K5succ250_ampGrad,3x,1,0,-100,42-65,49-72,284.1691346964805,287.0779624722631,0.0,0.0,0.31622776601683794,
470,J4K5succ250_ampGrad,3x,1,0,-50,57-80,64-87,286.3127402609145,296.470513924803,0.0,0.0,0.31622776601683794,
471,J4K5succ250_ampGrad,3x,1,0,0,72-95,79-102,274.37182368942706,298.7492261259555,0.0,0.0,0.31622776601683794,
472,J4K5succ250_ampGrad,3x,1,0,50,87-110,94-117,266.98063617941614,298.4094920787224,0.0,0.0,0.31622776601683794,
473,J4K5succ250_ampGrad,3x,1,0,100,102-125,109-133,268.1147865347007,313.4390204882548,0.0,0.0,0.31622776601683794,
474,J4K5succ250_ampGrad,3x,1,0,150,117-140,125-148,273.3737235877266,296.9607135216736,0.0,0.0,0.31622776601683794,
475,J4K5succ250_ampGrad,3x,1,0,200,132-155,140-163,278.13896012016363,284.1146772533993,0.0,0.0,0.31622776601683794,
476,J4K5succ250_ampGrad,3x,1,0,250,147-170,155-178,270.9373994316821,304.246292448674,0.0,0.0,0.31622776601683794,
477,J4K5succ250_ampGrad,3x,1,0,300,162-185,170-193,273.7419578292254,296.73009941447845,0.0,0.0,0.31622776601683794,
478,J4K5succ250_ampGrad,3x,1,0,350,177-200,185-208,272.07476300771185,288.72186473439615,0.0,0.0,0.31622776601683794,
479,J4K5succ250_ampGrad,3x,1,0,400,192-215,200-223,272.4647890210204,318.7360178257948,0.0,0.0,0.31622776601683794,
480,J4K5succ250_ampGrad,3x,1,0,450,207-230,215-238,272.35165882655144,317.8982601620242,0.0,0.0,0.31622776601683794,
481,J4K5succ250_ampGrad,3x,1,2,-150,27-50,34-57,281.6184016207698,291.7531340402008,2.459540343603578,4.372916557571216,0.31622776601683794,
482,J4K5succ250_ampGrad,3x,1,2,-100,42-65,49-72,285.82161515797713,291.98850107015016,1.6524804614966229,4.910538597887181,0.31622776601683794,
483,J4K5succ250_ampGrad,3x,1,2,-50,57-80,64-87,288.00829559398136,302.3898200245082,1.6955553330668636,5.9193060997051825,0.31622776601683794,
484,J4K5succ250_ampGrad,3x,1,2,0,72-95,79-102,276.5021062853683,305.7824206948968,2.1302825959412535,7.033194568941326,0.31622776601683794,
485,J4K5succ250_ampGrad,3x,1,2,50,87-110,94-117,269.0191543065305,303.48068999099837,2.038518127114344,5.071197912276034,0.31622776601683794,
486,J4K5succ250_ampGrad,3x,1,2,100,102-125,109-133,269.8054672336582,316.3646935525865,1.6906806989574648,2.925673064331761,0.31622776601683794,
487,J4K5succ250_ampGrad,3x,1,2,150,117-140,125-148,274.92757448208016,302.21061768468553,1.553850894353559,5.249904163011877,0.31622776601683794,
488,J4K5succ250_ampGrad,3x,1,2,200,132-155,140-163,278.3827980054562,286.41606990844065,0.24383788529263484,2.3013926550412407,0.31622776601683794,
489,J4K5succ250_ampGrad,3x,1,2,250,147-170,155-178,272.46748050474093,305.6358205841936,1.5300810730587957,1.3895281355196971,0.31622776601683794,
490,J4K5succ250_ampGrad,3x,1,2,300,162-185,170-193,276.41993246142965,299.985137632873,2.677974632204325,3.255038218394532,0.31622776601683794,
491,J4K5succ250_ampGrad,3x,1,2,350,177-200,185-208,273.9559638471859,293.523828643182,1.881200839474104,4.801963908785809,0.31622776601683794,
492,J4K5succ250_ampGrad,3x,1,2,400,192-215,200-223,274.19597970941925,318.0516699897491,1.7311906883988402,-0.684347836045788,0.31622776601683794,
493,J4K5succ250_ampGrad,3x,1,2,450,207-230,215-238,275.88561436497696,319.3354799613118,3.5339555384255164,1.437219799287618,0.31622776601683794,
494,J4K5succ250_ampGrad,3x,1,4,-150,27-50,34-57,286.7826904709855,299.68603685480235,7.623829193819232,12.305819372172891,0.31622776601683794,
495,J4K5succ250_ampGrad,3x,1,4,-100,42-65,49-72,288.577782366487,297.49632299677825,4.4086476700065305,10.418360524515206,0.31622776601683794,
496,J4K5succ250_ampGrad,3x,1,4,-50,57-80,64-87,290.19695083755437,307.17555894077867,3.884210576639816,10.705045015975713,0.31622776601683794,
497,J4K5succ250_ampGrad,3x,1,4,0,72-95,79-102,279.21989259019983,311.33359131034774,4.848068900772773,12.584365184392256,0.31622776601683794,
498,J4K5succ250_ampGrad,3x,1,4,50,87-110,94-117,271.1463524192361,303.0457500762732,4.165716239819972,4.6362579975507865,0.31622776601683794,
499,J4K5succ250_ampGrad,3x,1,4,100,102-125,109-133,273.8193060684002,317.6219868105826,5.704519533699454,4.1829663223279,0.31622776601683794,
500,J4K5succ250_ampGrad,3x,1,4,150,117-140,125-148,280.00339434083,302.7552340596372,6.62967075310337,5.794520537963479,0.31622776601683794,
501,J4K5succ250_ampGrad,3x,1,4,200,132-155,140-163,281.410660657201,289.7683516322528,3.2717005370374177,5.653674378853452,0.31622776601683794,
502,J4K5succ250_ampGrad,3x,1,4,250,147-170,155-178,278.3944228253431,306.01414177502477,7.457023393661017,1.7678493263508133,0.31622776601683794,
503,J4K5succ250_ampGrad,3x,1,4,300,162-185,170-193,283.9731759827243,300.03398237075965,10.231218153498844,3.3038829562812,0.31622776601683794,
504,J4K5succ250_ampGrad,3x,1,4,350,177-200,185-208,282.3306404377377,300.33873566463376,10.25587743002592,11.616870930237553,0.31622776601683794,
505,J4K5succ250_ampGrad,3x,1,4,400,192-215,200-223,280.8583647888296,322.83598901708706,8.393575767809125,4.099971191292242,0.31622776601683794,
506,J4K5succ250_ampGrad,3x,1,4,450,207-230,215-238,281.8317459339544,321.2242499958253,9.480087107402936,3.3259898338011453,0.31622776601683794,
507,J4K5succ250_ampGrad,3x,1,6,-150,27-50,34-57,293.7713204252858,300.2548068393493,14.612459148119571,12.874589356719811,0.31622776601683794,
508,J4K5succ250_ampGrad,3x,1,6,-100,42-65,49-72,293.4274679285798,299.6676017198021,9.258333232099346,12.589639247539086,0.31622776601683794,
509,J4K5succ250_ampGrad,3x,1,6,-50,57-80,64-87,295.3930729908859,308.14516630083864,9.08033272997136,11.674652376035626,0.31622776601683794,
510,J4K5succ250_ampGrad,3x,1,6,0,72-95,79-102,287.17687627053925,311.6567899656752,12.805052581112195,12.907563839719673,0.31622776601683794,
511,J4K5succ250_ampGrad,3x,1,6,50,87-110,94-117,277.9305763887844,302.7891020851572,10.949940209368265,4.3796100064348025,0.31622776601683794,
512,J4K5succ250_ampGrad,3x,1,6,100,102-125,109-133,283.3177071794865,320.34057226741805,15.202920644785822,6.901551779163299,0.31622776601683794,
513,J4K5succ250_ampGrad,3x,1,6,150,117-140,125-148,287.9615737078517,302.81450504844577,14.587850120125095,5.853791526772113,0.31622776601683794,
514,J4K5succ250_ampGrad,3x,1,6,200,132-155,140-163,290.74791896102437,287.3636836956768,12.608958840860849,3.249006442277505,0.31622776601683794,
515,J4K5succ250_ampGrad,3x,1,6,250,147-170,155-178,290.6199573119125,304.4003860446179,19.682557880230373,0.154093595943948,0.31622776601683794,
516,J4K5succ250_ampGrad,3x,1,6,300,162-185,170-193,295.78759800694263,298.9681736481244,22.04564017771719,2.2380742336459316,0.31622776601683794,
517,J4K5succ250_ampGrad,3x,1,6,350,177-200,185-208,294.0211004688253,300.63125168641164,21.9463374611135,11.90938695201544,0.31622776601683794,
518,J4K5succ250_ampGrad,3x,1,6,400,192-215,200-223,292.12953298387436,324.27281659453416,19.664743962853947,5.536798768739402,0.31622776601683794,
519,J4K5succ250_ampGrad,3x,1,6,450,207-230,215-238,293.48279603583217,324.8258057618665,21.131137209280727,6.92754559984229,0.31622776601683794,
520,J4K5succ250_ampGrad,3x,1,8,-150,27-50,34-57,299.0200614440229,300.91468266593955,19.861200166856637,13.534465183310035,0.31622776601683794,
521,J4K5succ250_ampGrad,3x,1,8,-100,42-65,49-72,297.99453876636943,301.50062227448984,13.825404069888975,14.422659802226805,0.31622776601683794,
522,J4K5succ250_ampGrad,3x,1,8,-50,57-80,64-87,300.07865799680303,311.9327086955794,13.76591773588848,15.462194770776366,0.31622776601683794,
523,J4K5succ250_ampGrad,3x,1,8,0,72-95,79-102,294.5773560720741,316.1837574867081,20.205532382647053,17.4345313607526,0.31622776601683794,
524,J4K5succ250_ampGrad,3x,1,8,50,87-110,94-117,285.627228910235,303.6292229095782,18.64659273081884,5.219730830855782,0.31622776601683794,
525,J4K5succ250_ampGrad,3x,1,8,100,102-125,109-133,289.7690475328473,319.1819883133168,21.654260998146587,5.74296782506201,0.31622776601683794,
526,J4K5succ250_ampGrad,3x,1,8,150,117-140,125-148,293.6414751043264,305.6588359889732,20.26775151659973,8.698122467299527,0.31622776601683794,
527,J4K5succ250_ampGrad,3x,1,8,200,132-155,140-163,299.6005373887975,285.91051116606906,21.461577268633906,1.7958339126697067,0.31622776601683794,
528,J4K5succ250_ampGrad,3x,1,8,250,147-170,155-178,303.6296725127428,302.61820824579524,32.692273081060705,-1.6280842028787106,0.31622776601683794,
529,J4K5succ250_ampGrad,3x,1,8,300,162-185,170-193,305.78183330877584,298.9054364655397,32.0398754795504,2.175337051061262,0.31622776601683794,
530,J4K5succ250_ampGrad,3x,1,8,350,177-200,185-208,307.31025602795313,302.7834298784541,35.23549302024128,14.061565144057909,0.31622776601683794,
531,J4K5succ250_ampGrad,3x,1,8,400,192-215,200-223,303.9861538120228,326.10125332987286,31.521364791002387,7.3652355040780435,0.31622776601683794,
532,J4K5succ250_ampGrad,3x,1,8,450,207-230,215-238,303.6988809013205,325.1937567080575,31.347222074769093,7.2954965460332915,0.31622776601683794,
533,J4K5succ250_ampGrad,3x,1,10,-150,27-50,34-57,297.71238893009485,306.7298227968272,18.553527652928665,19.349605314197614,0.31622776601683794,
534,J4K5succ250_ampGrad,3x,1,10,-100,42-65,49-72,297.83543622593976,306.0908558569461,13.666301529459306,19.01289338468308,0.31622776601683794,
535,J4K5succ250_ampGrad,3x,1,10,-50,57-80,64-87,300.64421005833617,316.69501901876106,14.331469797421676,20.224505093958047,0.31622776601683794,
536,J4K5succ250_ampGrad,3x,1,10,0,72-95,79-102,295.64902396189683,319.4536487572753,21.277200272469827,20.704422631319858,0.31622776601683794,
537,J4K5succ250_ampGrad,3x,1,10,50,87-110,94-117,291.6072856215118,306.7698615912488,24.62664944209564,8.360369512526404,0.31622776601683794,
538,J4K5succ250_ampGrad,3x,1,10,100,102-125,109-133,295.8230674214256,320.0384925818724,27.70828088672488,6.599472093617635,0.31622776601683794,
539,J4K5succ250_ampGrad,3x,1,10,150,117-140,125-148,295.54599953368165,308.91536921883073,22.172275945954993,11.95465569715708,0.31622776601683794,
540,J4K5succ250_ampGrad,3x,1,10,200,132-155,140-163,302.9587608811431,288.01742517947633,24.819800760979554,3.9027479260769264,0.31622776601683794,
541,J4K5succ250_ampGrad,3x,1,10,250,147-170,155-178,311.7738570865047,305.6584638580876,40.8364576548226,1.412171409413645,0.31622776601683794,
542,J4K5succ250_ampGrad,3x,1,10,300,162-185,170-193,308.6620235244459,299.9556877470889,34.9200656952205,3.2255883326104713,0.31622776601683794,
543,J4K5succ250_ampGrad,3x,1,10,350,177-200,185-208,313.76757963740084,303.1687218078684,41.69281662968899,14.446857073472133,0.31622776601683794,
544,J4K5succ250_ampGrad,3x,1,10,400,192-215,200-223,312.8716325990303,327.9217018541185,40.4068435780099,9.185684028323694,0.31622776601683794,
545,J4K5succ250_ampGrad,3x,1,10,450,207-230,215-238,308.09081832096865,324.6958632109172,35.739159494417144,6.797603048892995,0.31622776601683794,
546,J4K5succ250_ampGrad,3x,2,0,-150,38-61,30-53,316.98047651073153,267.70002688961233,0.0,0.0,0.31622776601683794,
547,J4K5succ250_ampGrad,3x,2,0,-100,53-76,45-68,319.4288006161955,280.5153165072413,0.0,0.0,0.31622776601683794,
548,J4K5succ250_ampGrad,3x,2,0,-50,68-91,60-83,308.0113617021138,280.5701860823299,0.0,0.0,0.31622776601683794,
549,J4K5succ250_ampGrad,3x,2,0,0,83-106,75-98,312.26863304364906,287.2312235527086,0.0,0.0,0.31622776601683794,
550,J4K5succ250_ampGrad,3x,2,0,50,98-121,90-113,316.41070244358724,280.4040666671592,0.0,0.0,0.31622776601683794,
551,J4K5succ250_ampGrad,3x,2,0,100,113-136,105-128,317.51188876507587,284.39746856370124,0.0,0.0,0.31622776601683794,
552,J4K5succ250_ampGrad,3x,2,0,150,128-152,120-143,313.1201530359234,293.38631267756807,0.0,0.0,0.31622776601683794,
553,J4K5succ250_ampGrad,3x,2,0,200,143-167,135-158,312.22147697099814,282.2119938267842,0.0,0.0,0.31622776601683794,
554,J4K5succ250_ampGrad,3x,2,0,250,159-182,150-173,312.93737183191087,274.7776869147649,0.0,0.0,0.31622776601683794,
555,J4K5succ250_ampGrad,3x,2,0,300,174-197,165-188,312.3048252939599,290.14608035129345,0.0,0.0,0.31622776601683794,
556,J4K5succ250_ampGrad,3x,2,0,350,189-212,180-203,311.4717818689828,300.1616537268924,0.0,0.0,0.31622776601683794,
557,J4K5succ250_ampGrad,3x,2,0,400,204-227,195-218,314.9288935951487,299.067876562898,0.0,0.0,0.31622776601683794,
558,J4K5succ250_ampGrad,3x,2,0,450,219-242,210-234,312.374473058311,289.61708658142345,0.0,0.0,0.31622776601683794,
559,J4K5succ250_ampGrad,3x,2,2,-150,38-61,30-53,318.9803991502201,274.92423465065656,1.9999226394886025,7.22420776104434,0.31622776601683794,
560,J4K5succ250_ampGrad,3x,2,2,-100,53-76,45-68,321.5930197390562,286.8475614882418,2.164219122860743,6.3322449810004855,0.31622776601683794,
561,J4K5succ250_ampGrad,3x,2,2,-50,68-91,60-83,309.583517857028,287.0880100877426,1.5721561549141825,6.517824005412706,0.31622776601683794,
562,J4K5succ250_ampGrad,3x,2,2,0,83-106,75-98,314.35748315078087,292.485507905822,2.088850107131861,5.2542843531133485,0.31622776601683794,
563,J4K5succ250_ampGrad,3x,2,2,50,98-121,90-113,318.8052262146121,287.4999275484521,2.3945237710248652,7.095860881292823,0.31622776601683794,
564,J4K5succ250_ampGrad,3x,2,2,100,113-136,105-128,320.7838902441534,290.9673168729908,3.2720014790774603,6.5698483092895685,0.31622776601683794,
565,J4K5succ250_ampGrad,3x,2,2,150,128-152,120-143,317.2642241338993,297.091629024153,4.144071097975939,3.7053163465849366,0.31622776601683794,
566,J4K5succ250_ampGrad,3x,2,2,200,143-167,135-158,316.72104037513833,291.18534417182616,4.499563404140132,8.973350345041922,0.31622776601683794,
567,J4K5succ250_ampGrad,3x,2,2,250,159-182,150-173,316.15555897629815,284.49684935672235,3.2181871443871732,9.719162441957508,0.31622776601683794,
568,J4K5succ250_ampGrad,3x,2,2,300,174-197,165-188,315.0113922619656,298.3891596922525,2.7065669680057454,8.243079340959014,0.31622776601683794,
569,J4K5succ250_ampGrad,3x,2,2,350,189-212,180-203,315.7076275178689,304.243445028323,4.235845648886142,4.081791301430599,0.31622776601683794,
570,J4K5succ250_ampGrad,3x,2,2,400,204-227,195-218,320.1958105003755,306.3168130337883,5.2669169052268225,7.248936470890328,0.31622776601683794,
571,J4K5succ250_ampGrad,3x,2,2,450,219-242,210-234,316.79498272329744,299.2206981116783,4.420509664986412,9.603611530254852,0.31622776601683794,
572,J4K5succ250_ampGrad,3x,2,4,-150,38-61,30-53,324.32560975958353,277.8441804866628,7.345133248851995,10.144153597050547,0.31622776601683794,
573,J4K5succ250_ampGrad,3x,2,4,-100,53-76,45-68,327.4260136161236,285.8822374138068,7.997212999928081,5.36692090656544,0.31622776601683794,
574,J4K5succ250_ampGrad,3x,2,4,-50,68-91,60-83,314.47727510718533,286.5680020265341,6.4659134050715465,5.997815944204148,0.31622776601683794,
575,J4K5succ250_ampGrad,3x,2,4,0,83-106,75-98,319.22553969076165,294.0662522487911,6.9569066471125325,6.8350286960824755,0.31622776601683794,
576,J4K5succ250_ampGrad,3x,2,4,50,98-121,90-113,321.75359714887816,290.76418444370586,5.342894705290861,10.3601177765467,0.31622776601683794,
577,J4K5succ250_ampGrad,3x,2,4,100,113-136,105-128,325.2029714137596,295.7257972727955,7.6910826486836745,11.32832870909425,0.31622776601683794,
578,J4K5succ250_ampGrad,3x,2,4,150,128-152,120-143,325.6705418149967,298.39065895156176,12.550388779073273,5.004346273993691,0.31622776601683794,
579,J4K5succ250_ampGrad,3x,2,4,200,143-167,135-158,324.78777178678575,290.10338333738645,12.566294815787616,7.891389510602266,0.31622776601683794,
580,J4K5succ250_ampGrad,3x,2,4,250,159-182,150-173,322.53137206611063,282.76295412570363,9.594000234199656,7.985267210938673,0.31622776601683794,
581,J4K5succ250_ampGrad,3x,2,4,300,174-197,165-188,320.3052768094876,295.54383397195016,8.000451515527741,5.397753620656714,0.31622776601683794,
582,J4K5succ250_ampGrad,3x,2,4,350,189-212,180-203,323.5579785244612,302.7617350885273,12.086196655478432,2.6000813616349205,0.31622776601683794,
583,J4K5succ250_ampGrad,3x,2,4,400,204-227,195-218,330.5706715932921,304.2630363019269,15.641777998143425,5.195159739028894,0.31622776601683794,
584,J4K5succ250_ampGrad,3x,2,4,450,219-242,210-234,326.3380864298365,300.6667204174649,13.963613371525526,11.049633836041437,0.31622776601683794,
585,J4K5succ250_ampGrad,3x,2,6,-150,38-61,30-53,329.6300117751037,275.5318110133025,12.649535264372163,7.831784123690228,0.31622776601683794,
586,J4K5succ250_ampGrad,3x,2,6,-100,53-76,45-68,331.4518489115855,284.86556351688085,12.023048295390026,4.350247009639588,0.31622776601683794,
587,J4K5succ250_ampGrad,3x,2,6,-50,68-91,60-83,321.6538615036706,283.8779248808996,13.642499801556824,3.3077387985696878,0.31622776601683794,
588,J4K5succ250_ampGrad,3x,2,6,0,83-106,75-98,327.1272716529398,295.37522713586486,14.858638609290724,8.144003583156291,0.31622776601683794,
589,J4K5succ250_ampGrad,3x,2,6,50,98-121,90-113,330.15949231370007,291.90868834862215,13.748789870112828,11.504621681462991,0.31622776601683794,
590,J4K5succ250_ampGrad,3x,2,6,100,113-136,105-128,334.6034920363109,294.7180065093283,17.091603271235044,10.320537945627052,0.31622776601683794,
591,J4K5succ250_ampGrad,3x,2,6,150,128-152,120-143,335.9303104990658,298.5537931542057,22.81015746314239,5.1674804766376505,0.31622776601683794,
592,J4K5succ250_ampGrad,3x,2,6,200,143-167,135-158,336.29147865365184,291.0422418539135,24.070001682653643,8.8302480271293,0.31622776601683794,
593,J4K5succ250_ampGrad,3x,2,6,250,159-182,150-173,335.47761987638336,280.5489115693079,22.54024804447243,5.771224654543005,0.31622776601683794,
594,J4K5succ250_ampGrad,3x,2,6,300,174-197,165-188,332.26104840692767,295.3794215395089,19.95622311296768,5.233341188215434,0.31622776601683794,
595,J4K5succ250_ampGrad,3x,2,6,350,189-212,180-203,336.7360157314843,301.7712927600972,25.264233862501555,1.6096390332047577,0.31622776601683794,
596,J4K5succ250_ampGrad,3x,2,6,400,204-227,195-218,346.4342656142152,304.2086497239473,31.5053720190665,5.140773161049309,0.31622776601683794,
597,J4K5succ250_ampGrad,3x,2,6,450,219-242,210-234,340.1011095628556,300.68590192108815,27.72663650454461,11.068815339664695,0.31622776601683794,
598,J4K5succ250_ampGrad,3x,2,8,-150,38-61,30-53,330.9378379429001,277.69102901168003,13.957361432168566,9.991002122067755,0.31622776601683794,
599,J4K5succ250_ampGrad,3x,2,8,-100,53-76,45-68,333.6229036248885,285.5062141934798,14.194103008693046,4.9908976862384975,0.31622776601683794,
600,J4K5succ250_ampGrad,3x,2,8,-50,68-91,60-83,326.7551608522463,289.55352629355116,18.74379915013253,8.983340211221217,0.31622776601683794,
601,J4K5succ250_ampGrad,3x,2,8,0,83-106,75-98,332.3021310914262,303.33177183059763,20.03349804777713,16.100548277889008,0.31622776601683794,
602,J4K5succ250_ampGrad,3x,2,8,50,98-121,90-113,335.2143020236836,295.2212599686032,18.80359958009637,14.817193301443922,0.31622776601683794,
603,J4K5succ250_ampGrad,3x,2,8,100,113-136,105-128,341.01412481537494,296.6959754587037,23.502236050299015,12.298506895002447,0.31622776601683794,
604,J4K5succ250_ampGrad,3x,2,8,150,128-152,120-143,345.34819001609975,298.527869082358,32.22803698017645,5.141556404789924,0.31622776601683794,
605,J4K5succ250_ampGrad,3x,2,8,200,143-167,135-158,346.77869221689315,292.76976076739663,34.557215245895016,10.557766940612453,0.31622776601683794,
606,J4K5succ250_ampGrad,3x,2,8,250,159-182,150-173,346.7471440287198,282.42776790958845,33.809772196808865,7.650080994823553,0.31622776601683794,
607,J4K5succ250_ampGrad,3x,2,8,300,174-197,165-188,345.36467889220324,298.0885492652032,33.05985359824331,7.942468913909693,0.31622776601683794,
608,J4K5succ250_ampGrad,3x,2,8,350,189-212,180-203,352.75854775070394,305.35369280626134,41.28676588172118,5.192039079368897,0.31622776601683794,
609,J4K5succ250_ampGrad,3x,2,8,400,204-227,195-218,363.50064704574396,307.96424474282884,48.57175345059517,8.896368179930846,0.31622776601683794,
610,J4K5succ250_ampGrad,3x,2,8,450,219-242,210-234,359.73393112594255,304.2905990238065,47.35945806763152,14.673512442383014,0.31622776601683794,
611,J4K5succ250_ampGrad,3x,2,10,-150,38-61,30-53,333.4981127648035,276.3632250813158,16.517636254071988,8.663198191703543,0.31622776601683794,
612,J4K5succ250_ampGrad,3x,2,10,-100,53-76,45-68,335.43852569647845,285.60448354469486,16.009725080282973,5.089167037453592,0.31622776601683794,
613,J4K5succ250_ampGrad,3x,2,10,-50,68-91,60-83,333.1536483965305,294.9274543304332,25.14228669441673,14.357268248103312,0.31622776601683794,
614,J4K5succ250_ampGrad,3x,2,10,0,83-106,75-98,339.7147853090732,310.5392415917483,27.446152265424075,23.308018039039663,0.31622776601683794,
615,J4K5succ250_ampGrad,3x,2,10,50,98-121,90-113,339.0656834886248,305.814108264374,22.65498104503757,25.410041597214786,0.31622776601683794,
616,J4K5succ250_ampGrad,3x,2,10,100,113-136,105-128,345.57556883998376,297.23878191507595,28.063680074907843,12.841313351374707,0.31622776601683794,
617,J4K5succ250_ampGrad,3x,2,10,150,128-152,120-143,351.32121723028825,302.49178814022207,38.201064194364854,9.105475462654,0.31622776601683794,
618,J4K5succ250_ampGrad,3x,2,10,200,143-167,135-158,352.9779775509845,296.0806552542661,40.75650057998638,13.868661427481925,0.31622776601683794,
619,J4K5succ250_ampGrad,3x,2,10,250,159-182,150-173,352.09979502651487,283.91426736929856,39.162423194604,9.136580454533657,0.31622776601683794,
620,J4K5succ250_ampGrad,3x,2,10,300,174-197,165-188,350.9615415686164,298.54614969622804,38.6567162746565,8.400069344934593,0.31622776601683794,
621,J4K5succ250_ampGrad,3x,2,10,350,189-212,180-203,358.6974572378168,310.5072974002352,47.225675368834,10.345643673342806,0.31622776601683794,
622,J4K5succ250_ampGrad,3x,2,10,400,204-227,195-218,370.7277750168399,312.82569539087064,55.79888142169119,13.757818827972644,0.31622776601683794,
623,J4K5succ250_ampGrad,3x,2,10,450,219-242,210-234,364.9454873353946,306.94459187661954,52.57101427708352,17.32750529519609,0.31622776601683794,
624,J4K5succ250_ampGrad,3x,3,0,-150,22-45,40-64,266.41929836240973,308.3222687161788,0.0,0.0,0.31622776601683794,
625,J4K5succ250_ampGrad,3x,3,0,-100,37-60,56-79,261.40137589939616,307.3260700459948,0.0,0.0,0.31622776601683794,
626,J4K5succ250_ampGrad,3x,3,0,-50,52-75,71-94,262.29831646305433,321.15261133218917,0.0,0.0,0.31622776601683794,
627,J4K5succ250_ampGrad,3x,3,0,0,67-90,86-109,253.82025923333015,318.74905418706163,0.0,0.0,0.31622776601683794,
628,J4K5succ250_ampGrad,3x,3,0,50,82-105,101-124,256.94687159702517,310.9409187150095,0.0,0.0,0.31622776601683794,
629,J4K5succ250_ampGrad,3x,3,0,100,97-120,116-139,251.9390580658332,320.9011534839513,0.0,0.0,0.31622776601683794,
630,J4K5succ250_ampGrad,3x,3,0,150,112-135,131-154,260.97973274107187,320.6638912874988,0.0,0.0,0.31622776601683794,
631,J4K5succ250_ampGrad,3x,3,0,200,127-150,146-169,260.74855724805315,329.9050497246376,0.0,0.0,0.31622776601683794,
632,J4K5succ250_ampGrad,3x,3,0,250,142-165,161-184,257.61216584118904,324.1439751068727,0.0,0.0,0.31622776601683794,
633,J4K5succ250_ampGrad,3x,3,0,300,157-180,176-199,256.8183181377753,336.7695210312233,0.0,0.0,0.31622776601683794,
634,J4K5succ250_ampGrad,3x,3,0,350,172-195,191-214,262.0590734396398,337.6824498299665,0.0,0.0,0.31622776601683794,
635,J4K5succ250_ampGrad,3x,3,0,400,187-210,206-229,261.6859029819737,336.1067587391788,0.0,0.0,0.31622776601683794,
636,J4K5succ250_ampGrad,3x,3,0,450,202-226,221-244,259.85434459773103,330.3732686316373,0.0,0.0,0.31622776601683794,
637,J4K5succ250_ampGrad,3x,3,2,-150,22-45,40-64,270.2503528562561,311.54127511284844,3.8310544938464086,3.219006396669613,0.31622776601683794,
638,J4K5succ250_ampGrad,3x,3,2,-100,37-60,56-79,264.3261718850296,309.85899154251166,2.9247959856334083,2.5329214965167917,0.31622776601683794,
639,J4K5succ250_ampGrad,3x,3,2,-50,52-75,71-94,264.54860282341025,324.03461263705304,2.250286360355972,2.8820013048639335,0.31622776601683794,
640,J4K5succ250_ampGrad,3x,3,2,0,67-90,86-109,256.6237239759945,322.692849960565,2.8034647426643176,3.9437957735033815,0.31622776601683794,
641,J4K5succ250_ampGrad,3x,3,2,50,82-105,101-124,259.97061396050356,316.3459591898336,3.0237423634783913,5.405040474824034,0.31622776601683794,
642,J4K5succ250_ampGrad,3x,3,2,100,97-120,116-139,255.27951475081397,322.8763274491436,3.3404566849807225,1.975173965192312,0.31622776601683794,
643,J4K5succ250_ampGrad,3x,3,2,150,112-135,131-154,263.7137597399194,322.0107403222674,2.7340269988474692,1.3468490347686384,0.31622776601683794,
644,J4K5succ250_ampGrad,3x,3,2,200,127-150,146-169,263.0474042213012,330.26267963050725,2.298846973248033,0.3576299058697145,0.31622776601683794,
645,J4K5succ250_ampGrad,3x,3,2,250,142-165,161-184,260.63642237790305,325.43722153750184,3.024256536714006,1.2932464306292104,0.31622776601683794,
646,J4K5succ250_ampGrad,3x,3,2,300,157-180,176-199,259.1407507230844,340.72595358784787,2.3224325853091154,3.9564325566245766,0.31622776601683794,
647,J4K5succ250_ampGrad,3x,3,2,350,172-195,191-214,264.65155875655137,341.53954759688264,2.592485316911564,3.857097766916127,0.31622776601683794,
648,J4K5succ250_ampGrad,3x,3,2,400,187-210,206-229,265.14243297628985,338.129003003452,3.4565299943161563,2.0222442642731835,0.31622776601683794,
649,J4K5succ250_ampGrad,3x,3,2,450,202-226,221-244,263.88251957413763,332.47284786071737,4.028174976406604,2.099579229080064,0.31622776601683794,
650,J4K5succ250_ampGrad,3x,3,4,-150,22-45,40-64,276.3663597076079,315.51645566519704,9.947061345198222,7.194186949018217,0.31622776601683794,
651,J4K5succ250_ampGrad,3x,3,4,-100,37-60,56-79,269.4048849003225,313.36286254138884,8.003509000926273,6.036792495394025,0.31622776601683794,
652,J4K5succ250_ampGrad,3x,3,4,-50,52-75,71-94,270.5785553218965,325.06900877316133,8.280238858842267,3.916397440972162,0.31622776601683794,
653,J4K5succ250_ampGrad,3x,3,4,0,67-90,86-109,265.35052335070384,330.2072043351065,11.530264117373662,11.458150148044922,0.31622776601683794,
654,J4K5succ250_ampGrad,3x,3,4,50,82-105,101-124,267.17189628958425,322.2191314779745,10.225024692559034,11.27821276296504,0.31622776601683794,
655,J4K5succ250_ampGrad,3x,3,4,100,97-120,116-139,263.11207039807823,323.00646180448575,11.173012332245008,2.1053083205344483,0.31622776601683794,
656,J4K5succ250_ampGrad,3x,3,4,150,112-135,131-154,270.1204696624775,322.15611225836017,9.140736921405562,1.492220970861467,0.31622776601683794,
657,J4K5succ250_ampGrad,3x,3,4,200,127-150,146-169,272.9744165532294,333.5440876133559,12.225859305176243,3.6390378887183488,0.31622776601683794,
658,J4K5succ250_ampGrad,3x,3,4,250,142-165,161-184,270.0389676835664,324.0925389815431,12.426801842377358,-0.05143612532958741,0.31622776601683794,
659,J4K5succ250_ampGrad,3x,3,4,300,157-180,176-199,267.132298008301,334.126080012023,10.313979870525714,-2.643441019200281,0.31622776601683794,
660,J4K5succ250_ampGrad,3x,3,4,350,172-195,191-214,273.2902022627793,341.11537091850363,11.231128823139501,3.4329210885371713,0.31622776601683794,
661,J4K5succ250_ampGrad,3x,3,4,400,187-210,206-229,274.0877865897019,338.7539090709387,12.401883607728223,2.6471503317598604,0.31622776601683794,
662,J4K5succ250_ampGrad,3x,3,4,450,202-226,221-244,273.46821702595315,331.4090777065078,13.61387242822218,1.0358090748705422,0.31622776601683794,
663,J4K5succ250_ampGrad,3x,3,6,-150,22-45,40-64,281.4841626195055,316.3628475222061,15.064864257095847,8.04057880602727,0.31622776601683794,
664,J4K5succ250_ampGrad,3x,3,6,-100,37-60,56-79,272.89264387529056,312.88168994767483,11.491267975894345,5.555619901680019,0.31622776601683794,
665,J4K5succ250_ampGrad,3x,3,6,-50,52-75,71-94,276.0029484238472,328.2621611924488,13.704631960792938,7.109549860259732,0.31622776601683794,
666,J4K5succ250_ampGrad,3x,3,6,0,67-90,86-109,274.5269767529681,341.7596065735288,20.70671751963792,23.01055238646717,0.31622776601683794,
667,J4K5succ250_ampGrad,3x,3,6,50,82-105,101-124,276.11494934833974,329.39198279314814,19.168077751314517,18.451064078138586,0.31622776601683794,
668,J4K5succ250_ampGrad,3x,3,6,100,97-120,116-139,273.85292190740626,323.4402105379009,21.913863841573033,2.539057053949591,0.31622776601683794,
669,J4K5succ250_ampGrad,3x,3,6,150,112-135,131-154,279.9029881900984,324.9105778745333,18.923255449026502,4.24668658703456,0.31622776601683794,
670,J4K5succ250_ampGrad,3x,3,6,200,127-150,146-169,283.8375276748278,336.0558418271214,23.088970426774665,6.1507921024838765,0.31622776601683794,
671,J4K5succ250_ampGrad,3x,3,6,250,142-165,161-184,279.54876091899763,325.8659258621973,21.93659507780859,1.7219507553245992,0.31622776601683794,
672,J4K5succ250_ampGrad,3x,3,6,300,157-180,176-199,278.46147554725934,336.5567085035692,21.643157409483987,-0.21281252765408,0.31622776601683794,
673,J4K5succ250_ampGrad,3x,3,6,350,172-195,191-214,282.7037251436187,343.1977076186949,20.644651703978926,5.515257788728434,0.31622776601683794,
674,J4K5succ250_ampGrad,3x,3,6,400,187-210,206-229,284.15502234847764,341.4154577111128,22.469119366504003,5.308698971934007,0.31622776601683794,
675,J4K5succ250_ampGrad,3x,3,6,450,202-226,221-244,286.0832292443905,334.02731664466967,26.228884646659537,3.654048013032423,0.31622776601683794,
676,J4K5succ250_ampGrad,3x,3,8,-150,22-45,40-64,287.56941717633947,319.9100619045145,21.150118813929797,11.587793188335636,0.31622776601683794,
677,J4K5succ250_ampGrad,3x,3,8,-100,37-60,56-79,276.38556745975427,314.12572445173066,14.984191560358115,6.799654405735907,0.31622776601683794,
678,J4K5succ250_ampGrad,3x,3,8,-50,52-75,71-94,280.1808150792297,332.2707216799245,17.882498616175386,11.11811034773541,0.31622776601683794,
679,J4K5succ250_ampGrad,3x,3,8,0,67-90,86-109,281.7267139165028,349.61503272777964,27.90645468317265,30.86597854071795,0.31622776601683794,
680,J4K5succ250_ampGrad,3x,3,8,50,82-105,101-124,285.39333092920583,330.95688551837884,28.446459332180552,20.015966803369395,0.31622776601683794,
681,J4K5succ250_ampGrad,3x,3,8,100,97-120,116-139,282.61413443978284,325.94029337804886,30.675076373949622,5.039139894097616,0.31622776601683794,
682,J4K5succ250_ampGrad,3x,3,8,150,112-135,131-154,289.79585375955884,328.82888777535044,28.816121018486854,8.164996487851681,0.31622776601683794,
683,J4K5succ250_ampGrad,3x,3,8,200,127-150,146-169,294.93655346386515,339.48682018185417,34.18799621581195,9.581770457216694,0.31622776601683794,
684,J4K5succ250_ampGrad,3x,3,8,250,142-165,161-184,291.15175331103677,327.61552749683995,33.53958746984779,3.4715523899672576,0.31622776601683794,
685,J4K5succ250_ampGrad,3x,3,8,300,157-180,176-199,291.3409772294544,340.2858180189005,34.52265909167909,3.516296987677208,0.31622776601683794,
686,J4K5succ250_ampGrad,3x,3,8,350,172-195,191-214,293.78414988378915,347.2538357082717,31.72507644414941,9.571385878305307,0.31622776601683794,
687,J4K5succ250_ampGrad,3x,3,8,400,187-210,206-229,294.83425667748884,345.61192988747115,33.148353695515084,9.50517114829239,0.31622776601683794,
688,J4K5succ250_ampGrad,3x,3,8,450,202-226,221-244,299.34504696374387,338.1363741208494,39.4907023660129,7.76310548921208,0.31622776601683794,
689,J4K5succ250_ampGrad,3x,3,10,-150,22-45,40-64,287.6836537061505,324.5634254783228,21.264355343740874,16.241156762143987,0.31622776601683794,
690,J4K5succ250_ampGrad,3x,3,10,-100,37-60,56-79,277.10908074642066,313.66050188767355,15.707704847024504,6.334431841678736,0.31622776601683794,
691,J4K5succ250_ampGrad,3x,3,10,-50,52-75,71-94,283.05553126752875,332.68826524637564,20.757214804474472,11.535653914186465,0.31622776601683794,
692,J4K5succ250_ampGrad,3x,3,10,0,67-90,86-109,292.3610574933205,359.0436733617614,38.54079825999028,40.29461917469979,0.31622776601683794,
693,J4K5succ250_ampGrad,3x,3,10,50,82-105,101-124,294.1821787256346,339.70196535898725,37.235307128609406,28.761046643977753,0.31622776601683794,
694,J4K5succ250_ampGrad,3x,3,10,100,97-120,116-139,290.9997508158978,328.9120615187918,39.06069275006459,8.010908034840497,0.31622776601683794,
695,J4K5succ250_ampGrad,3x,3,10,150,112-135,131-154,300.95747478937994,329.04201061783834,39.977742048308016,8.37811933033953,0.31622776601683794,
696,J4K5succ250_ampGrad,3x,3,10,200,127-150,146-169,306.998636880677,341.7566942856485,46.25007963262385,11.851644561010973,0.31622776601683794,
697,J4K5succ250_ampGrad,3x,3,10,250,142-165,161-184,301.5190110627842,327.1277263436837,43.90684522159511,2.9837512368109738,0.31622776601683794,
698,J4K5succ250_ampGrad,3x,3,10,300,157-180,176-199,302.6001677624915,340.2869424294573,45.78184962471619,3.5174213982340348,0.31622776601683794,
699,J4K5succ250_ampGrad,3x,3,10,350,172-195,191-214,302.8214246187285,350.21757964607633,40.762351179088675,12.53512981610993,0.31622776601683794,
700,J4K5succ250_ampGrad,3x,3,10,400,187-210,206-229,306.40533122577614,347.5657985458393,44.71942824380238,11.459039806660485,0.31622776601683794,
701,J4K5succ250_ampGrad,3x,3,10,450,202-226,221-244,311.35625642637865,340.5908323609597,51.50191182864768,10.217563729322363,0.31622776601683794,
702,J4K5succ250_ampGrad,10x,1,0,-150,27-50,36-59,281.1061212931009,302.4283488612038,0.0,0.0,1.0,
703,J4K5succ250_ampGrad,10x,1,0,-100,42-65,51-74,280.2761955174453,304.37068074061716,0.0,0.0,1.0,
704,J4K5succ250_ampGrad,10x,1,0,-50,57-81,66-89,280.5082581599772,300.28407147075745,0.0,0.0,1.0,
705,J4K5succ250_ampGrad,10x,1,0,0,72-96,81-104,274.57772412445144,289.44363365265883,0.0,0.0,1.0,
706,J4K5succ250_ampGrad,10x,1,0,50,88-111,96-119,275.84481679454,299.50495560989333,0.0,0.0,1.0,
707,J4K5succ250_ampGrad,10x,1,0,100,103-126,111-134,277.55825839621184,316.2992985801609,0.0,0.0,1.0,
708,J4K5succ250_ampGrad,10x,1,0,150,118-141,126-150,280.8686278821613,302.2860107565914,0.0,0.0,1.0,
709,J4K5succ250_ampGrad,10x,1,0,200,133-156,141-165,281.5077975700123,300.2973271385183,0.0,0.0,1.0,
710,J4K5succ250_ampGrad,10x,1,0,250,148-171,157-180,285.7785539429542,308.5492938738388,0.0,0.0,1.0,
711,J4K5succ250_ampGrad,10x,1,0,300,163-186,172-195,283.0333341865355,298.1097315646128,0.0,0.0,1.0,
712,J4K5succ250_ampGrad,10x,1,0,350,178-201,187-210,275.1575645427433,302.37808675765945,0.0,0.0,1.0,
713,J4K5succ250_ampGrad,10x,1,0,400,193-216,202-225,278.9678005770001,312.9992339815768,0.0,0.0,1.0,
714,J4K5succ250_ampGrad,10x,1,0,450,208-231,217-240,282.1598298857133,315.69533665685395,0.0,0.0,1.0,
715,J4K5succ250_ampGrad,10x,1,2,-150,27-50,36-59,284.65970301387404,306.7891836246658,3.553581720773081,4.36083476346198,1.0,
716,J4K5succ250_ampGrad,10x,1,2,-100,42-65,51-74,283.6641922930702,309.45945516283086,3.3879967756248566,5.08877442221376,1.0,
717,J4K5succ250_ampGrad,10x,1,2,-50,57-81,66-89,284.69989517735775,308.04049907497,4.191637017380572,7.756427604212548,1.0,
718,J4K5succ250_ampGrad,10x,1,2,0,72-96,81-104,277.77019671488773,297.3477318529992,3.1924725904363527,7.904098200340401,1.0,
719,J4K5succ250_ampGrad,10x,1,2,50,88-111,96-119,278.8081703456101,304.37793981047395,2.9633535510701563,4.8729842005806745,1.0,
720,J4K5succ250_ampGrad,10x,1,2,100,103-126,111-134,280.6537810023176,322.1823541978078,3.0955226061057597,5.88305561764696,1.0,
721,J4K5succ250_ampGrad,10x,1,2,150,118-141,126-150,284.93005797950923,309.26576349137827,4.061430097347909,6.979752734786872,1.0,
722,J4K5succ250_ampGrad,10x,1,2,200,133-156,141-165,285.7234485552543,306.33812602846837,4.215650985242007,6.040798889950054,1.0,
723,J4K5succ250_ampGrad,10x,1,2,250,148-171,157-180,289.2035372962573,310.90232587264086,3.424983353303105,2.3530319988020665,1.0,
724,J4K5succ250_ampGrad,10x,1,2,300,163-186,172-195,286.96674320524386,301.7841114023486,3.933409018708403,3.6743798377358416,1.0,
725,J4K5succ250_ampGrad,10x,1,2,350,178-201,187-210,279.0836277964848,303.78770291013467,3.9260632537414617,1.4096161524752802,1.0,
726,J4K5succ250_ampGrad,10x,1,2,400,193-216,202-225,282.4018773424021,314.2230742396371,3.434076765401926,1.2238402580603065,1.0,
727,J4K5succ250_ampGrad,10x,1,2,450,208-231,217-240,285.1660964471,319.93143003882636,3.006266561386667,4.2360933819724105,1.0,
728,J4K5succ250_ampGrad,10x,1,4,-150,27-50,36-59,284.5222558831405,307.8757892451501,3.4161345900395763,5.4474403839462875,1.0,
729,J4K5succ250_ampGrad,10x,1,4,-100,42-65,51-74,286.186524379341,306.85144433660344,5.910328861895664,2.4807635959862746,1.0,
730,J4K5succ250_ampGrad,10x,1,4,-50,57-81,66-89,287.57106742913555,307.4829715786148,7.062809269158379,7.198900107857355,1.0,
731,J4K5succ250_ampGrad,10x,1,4,0,72-96,81-104,282.48041832493374,297.87724826414586,7.902694200482358,8.433614611487142,1.0,
732,J4K5succ250_ampGrad,10x,1,4,50,88-111,96-119,282.8083798773913,307.63853048399125,6.963563082851351,8.133574874097974,1.0,
733,J4K5succ250_ampGrad,10x,1,4,100,103-126,111-134,285.24516327103726,319.3515361246501,7.686904874825473,3.0522375444892305,1.0,
734,J4K5succ250_ampGrad,10x,1,4,150,118-141,126-150,290.6680601469211,305.94499804396486,9.799432264759787,3.658987287373464,1.0,
735,J4K5succ250_ampGrad,10x,1,4,200,133-156,141-165,291.08699517865494,303.1758850862321,9.57919760864263,2.8785579477137726,1.0,
736,J4K5succ250_ampGrad,10x,1,4,250,148-171,157-180,294.2192809635036,310.5557448275267,8.440727020549332,2.0064509536878177,1.0,
737,J4K5succ250_ampGrad,10x,1,4,300,163-186,172-195,293.3874965873228,300.12771631742265,10.354162400787287,2.017984752809923,1.0,
738,J4K5succ250_ampGrad,10x,1,4,350,178-201,187-210,285.96374012156593,304.2692726985598,10.806175578822604,1.8911859409003569,1.0,
739,J4K5succ250_ampGrad,10x,1,4,400,193-216,202-225,288.33504139335827,311.00900256887337,9.367240816358162,-1.9902314127034515,1.0,
740,J4K5succ250_ampGrad,10x,1,4,450,208-231,217-240,290.45866729734564,319.1642213977158,8.298837411632293,3.4688847408618244,1.0,
741,J4K5succ250_ampGrad,10x,1,6,-150,27-50,36-59,285.38873116549564,309.93396914392963,4.282609872394744,7.505620282725773,1.0,
742,J4K5succ250_ampGrad,10x,1,6,-100,42-65,51-74,288.48070317611274,311.1888896137695,8.20450765866741,6.8182088731523445,1.0,
743,J4K5succ250_ampGrad,10x,1,6,-50,57-81,66-89,290.1842247796562,311.4655287649902,9.675966619679002,11.181457294232814,1.0,
744,J4K5succ250_ampGrad,10x,1,6,0,72-96,81-104,289.4616453582576,303.88653047762773,14.883921233806234,14.442896824968955,1.0,
745,J4K5succ250_ampGrad,10x,1,6,50,88-111,96-119,290.7886301238393,310.94387633590173,14.94381332929936,11.438920726008464,1.0,
746,J4K5succ250_ampGrad,10x,1,6,100,103-126,111-134,294.0585857355659,321.37606455036064,16.5003273393541,5.076765970199689,1.0,
747,J4K5succ250_ampGrad,10x,1,6,150,118-141,126-150,300.24906184382314,305.1272558006669,19.380433961661826,2.8412450440754924,1.0,
748,J4K5succ250_ampGrad,10x,1,6,200,133-156,141-165,299.0795794547359,304.69945218759494,17.571781884723578,4.4021250490766315,1.0,
749,J4K5succ250_ampGrad,10x,1,6,250,148-171,157-180,304.45282016471884,310.15768256740904,18.674266221764587,1.6083886935701912,1.0,
750,J4K5succ250_ampGrad,10x,1,6,300,163-186,172-195,304.44649795275825,297.9689300864536,21.413163766222734,-0.140801478159176,1.0,
751,J4K5succ250_ampGrad,10x,1,6,350,178-201,187-210,296.41424675298384,302.46545104973745,21.256682210240516,0.08736429207800711,1.0,
752,J4K5succ250_ampGrad,10x,1,6,400,193-216,202-225,297.20714845115543,309.7660354773555,18.239347874155328,-3.2331985042213205,1.0,
753,J4K5succ250_ampGrad,10x,1,6,450,208-231,217-240,298.65650490623256,315.7818240363498,16.496675020519206,0.08648737949579301,1.0,
754,J4K5succ250_ampGrad,10x,1,8,-150,27-50,36-59,288.07842930539834,313.2818952228755,6.972308012297447,10.853546361671702,1.0,
755,J4K5succ250_ampGrad,10x,1,8,-100,42-65,51-74,290.13350880544004,315.8298440040966,9.857313287994712,11.459163263479466,1.0,
756,J4K5succ250_ampGrad,10x,1,8,-50,57-81,66-89,293.429238835129,317.11954100720686,12.920980675151839,16.835469536449413,1.0,
757,J4K5succ250_ampGrad,10x,1,8,0,72-96,81-104,293.5829255122607,308.91741671978656,19.005201387809336,19.473783067127787,1.0,
758,J4K5succ250_ampGrad,10x,1,8,50,88-111,96-119,298.12992131916695,311.04249511066456,22.285104524627,11.537539500771286,1.0,
759,J4K5succ250_ampGrad,10x,1,8,100,103-126,111-134,304.11173858012484,322.79157255280523,26.553480183912995,6.492273972644341,1.0,
760,J4K5succ250_ampGrad,10x,1,8,150,118-141,126-150,311.9661686278629,306.31022794267665,31.09754074570162,4.024217186085252,1.0,
761,J4K5succ250_ampGrad,10x,1,8,200,133-156,141-165,307.9840734402139,304.82766255539207,26.476275870201558,4.530335416873753,1.0,
762,J4K5succ250_ampGrad,10x,1,8,250,148-171,157-180,314.3271818583383,314.70626707497024,28.54862791538409,6.156973201131393,1.0,
763,J4K5succ250_ampGrad,10x,1,8,300,163-186,172-195,315.61507680594667,301.46669850416737,32.581742619411216,3.3569669395545816,1.0,
764,J4K5succ250_ampGrad,10x,1,8,350,178-201,187-210,307.49292925385737,304.10266409146095,32.33536471111404,1.7245773338015056,1.0,
765,J4K5succ250_ampGrad,10x,1,8,400,193-216,202-225,310.3666119269222,309.8489826274356,31.398811349922084,-3.1502513541412327,1.0,
766,J4K5succ250_ampGrad,10x,1,8,450,208-231,217-240,312.00603070030985,316.058012522017,29.846200814596557,0.3626758651629984,1.0,
767,J4K5succ250_ampGrad,10x,1,10,-150,27-50,36-59,290.97071784475963,316.32342275444836,9.864596551658678,13.895073893244614,1.0,
768,J4K5succ250_ampGrad,10x,1,10,-100,42-65,51-74,293.2174261550377,320.0950228655734,12.941230637592357,15.724342124956253,1.0,
769,J4K5succ250_ampGrad,10x,1,10,-50,57-81,66-89,297.8670361462208,319.67859388252225,17.35877798624358,19.3945224117648,1.0,
770,J4K5succ250_ampGrad,10x,1,10,0,72-96,81-104,298.8425920799957,311.42983840305493,24.26486795554433,21.986204750396155,1.0,
771,J4K5succ250_ampGrad,10x,1,10,50,88-111,96-119,304.52850113145865,315.54111387425706,28.683684336918702,16.036158264363788,1.0,
772,J4K5succ250_ampGrad,10x,1,10,100,103-126,111-134,314.507020065946,322.1438200995006,36.94876166973421,5.844521519339764,1.0,
773,J4K5succ250_ampGrad,10x,1,10,150,118-141,126-150,321.76544714012164,309.39695253864915,40.89681925796037,7.110941782057693,1.0,
774,J4K5succ250_ampGrad,10x,1,10,200,133-156,141-165,317.25016783632765,305.6647897980057,35.74237026631528,5.367462659487387,1.0,
775,J4K5succ250_ampGrad,10x,1,10,250,148-171,157-180,323.8679746487596,313.7879957793598,38.08942070580537,5.238701905520942,1.0,
776,J4K5succ250_ampGrad,10x,1,10,300,163-186,172-195,325.97558065588805,304.9761218945205,42.94224646935254,6.866390329907746,1.0,
777,J4K5succ250_ampGrad,10x,1,10,350,178-201,187-210,317.8626427632597,308.3051294556381,42.70507822051633,5.927042697978664,1.0,
778,J4K5succ250_ampGrad,10x,1,10,400,193-216,202-225,320.7119138941284,310.60724988328883,41.744113317128274,-2.3919840982879914,1.0,
779,J4K5succ250_ampGrad,10x,1,10,450,208-231,217-240,320.94813602128863,316.8303891876738,38.788306135575226,1.1350525308197916,1.0,
780,J4K5succ250_ampGrad,10x,2,0,-150,39-62,38-62,321.13736696940236,306.86454234173686,0.0,0.0,1.0,
781,J4K5succ250_ampGrad,10x,2,0,-100,54-77,54-77,318.3166198494898,305.69136258785875,0.0,0.0,1.0,
782,J4K5succ250_ampGrad,10x,2,0,-50,69-92,69-92,314.33635065366565,316.8669008849717,0.0,0.0,1.0,
783,J4K5succ250_ampGrad,10x,2,0,0,84-107,84-107,312.8489847271885,304.33275782560725,0.0,0.0,1.0,
784,J4K5succ250_ampGrad,10x,2,0,50,99-122,99-122,313.67947045041166,312.9752053986755,0.0,0.0,1.0,
785,J4K5succ250_ampGrad,10x,2,0,100,114-137,114-137,316.3786810164281,326.569395154926,0.0,0.0,1.0,
786,J4K5succ250_ampGrad,10x,2,0,150,129-152,129-152,318.682866753791,309.3486546394499,0.0,0.0,1.0,
787,J4K5succ250_ampGrad,10x,2,0,200,144-167,144-167,318.39316280089025,306.72048536077085,0.0,0.0,1.0,
788,J4K5succ250_ampGrad,10x,2,0,250,159-182,159-182,305.101907596559,324.1124583641535,0.0,0.0,1.0,
789,J4K5succ250_ampGrad,10x,2,0,300,174-197,174-197,310.4501892238165,331.26666206504945,0.0,0.0,1.0,
790,J4K5succ250_ampGrad,10x,2,0,350,189-212,189-212,314.0071488434599,336.30072973494106,0.0,0.0,1.0,
791,J4K5succ250_ampGrad,10x,2,0,400,204-227,204-227,311.2113580176402,325.38216285362466,0.0,0.0,1.0,
792,J4K5succ250_ampGrad,10x,2,0,450,219-243,219-242,319.56077995081125,319.881864549282,0.0,0.0,1.0,
793,J4K5succ250_ampGrad,10x,2,2,-150,39-62,38-62,325.91880682310045,313.3354934017869,4.781439853698089,6.470951060050084,1.0,
794,J4K5succ250_ampGrad,10x,2,2,-100,54-77,54-77,321.29153670014176,309.43550904494793,2.9749168506519372,3.7441464570891863,1.0,
795,J4K5succ250_ampGrad,10x,2,2,-50,69-92,69-92,318.66865842667414,320.5540224290245,4.332307773008438,3.6871215440528435,1.0,
796,J4K5succ250_ampGrad,10x,2,2,0,84-107,84-107,316.14134477074793,310.9492450214764,3.2923600435594267,6.616487195869127,1.0,
797,J4K5succ250_ampGrad,10x,2,2,50,99-122,99-122,317.0991501627165,316.56631153224083,3.4196797123047418,3.5911061335653467,1.0,
798,J4K5succ250_ampGrad,10x,2,2,100,114-137,114-137,321.03837925659144,330.60018177765375,4.659698240163324,4.030786622727759,1.0,
799,J4K5succ250_ampGrad,10x,2,2,150,129-152,129-152,322.60081473354694,322.5338381790673,3.9179479797559225,13.185183539617356,1.0,
800,J4K5succ250_ampGrad,10x,2,2,200,144-167,144-167,324.9794325676299,314.1840196513006,6.586269766739633,7.463534290529706,1.0,
801,J4K5succ250_ampGrad,10x,2,2,250,159-182,159-182,310.92955876758464,325.9727076637084,5.827651171025651,1.86024929955488,1.0,
802,J4K5succ250_ampGrad,10x,2,2,300,174-197,174-197,314.4530896192466,337.0635960469076,4.0029003954301166,5.7969339818581025,1.0,
803,J4K5succ250_ampGrad,10x,2,2,350,189-212,189-212,318.09523782848834,340.5256943185387,4.088088985028378,4.224964583597625,1.0,
804,J4K5succ250_ampGrad,10x,2,2,400,204-227,204-227,316.10527913829594,329.09328740367425,4.893921120655762,3.7111245500495333,1.0,
805,J4K5succ250_ampGrad,10x,2,2,450,219-243,219-242,323.9122526788746,324.5911106045015,4.3514727280633565,4.709246055219467,1.0,
806,J4K5succ250_ampGrad,10x,2,4,-150,39-62,38-62,328.88259622219937,311.2362945304707,7.74522925279706,4.371752188733808,1.0,
807,J4K5succ250_ampGrad,10x,2,4,-100,54-77,54-77,323.97130064448885,307.85211970849844,5.654680794999024,2.160757120639687,1.0,
808,J4K5succ250_ampGrad,10x,2,4,-50,69-92,69-92,320.8852697408072,321.2021919182885,6.548919087141485,4.335291033316821,1.0,
809,J4K5succ250_ampGrad,10x,2,4,0,84-107,84-107,321.8125367937088,314.3643871120986,8.963552066520265,10.031629286491409,1.0,
810,J4K5succ250_ampGrad,10x,2,4,50,99-122,99-122,323.62352434597693,320.8380250875446,9.94405389556522,7.862819688869138,1.0,
811,J4K5succ250_ampGrad,10x,2,4,100,114-137,114-137,326.89583838787513,332.42750485801145,10.517157371446958,5.858109703085461,1.0,
812,J4K5succ250_ampGrad,10x,2,4,150,129-152,129-152,327.8588911274298,317.76642987183396,9.176024373638768,8.417775232384088,1.0,
813,J4K5succ250_ampGrad,10x,2,4,200,144-167,144-167,329.4373026496497,308.2718850195338,11.044139848759473,1.5513996587629322,1.0,
814,J4K5succ250_ampGrad,10x,2,4,250,159-182,159-182,321.2318896798617,325.84578388776475,16.129982083302707,1.7333255236112564,1.0,
815,J4K5succ250_ampGrad,10x,2,4,300,174-197,174-197,321.65974563362545,333.92921657902616,11.209556409808952,2.6625545139767723,1.0,
816,J4K5succ250_ampGrad,10x,2,4,350,189-212,189-212,324.1893105616934,340.842061956315,10.18216171823349,4.541332221373921,1.0,
817,J4K5succ250_ampGrad,10x,2,4,400,204-227,204-227,322.2642945244719,331.08057156444215,11.052936506831713,5.698408710817375,1.0,
818,J4K5succ250_ampGrad,10x,2,4,450,219-243,219-242,331.7673663908422,323.3397261051276,12.206586440030947,3.457861555845625,1.0,
819,J4K5succ250_ampGrad,10x,2,6,-150,39-62,38-62,332.4019129552801,311.5066773841409,11.26454598587776,4.64213504240405,1.0,
820,J4K5succ250_ampGrad,10x,2,6,-100,54-77,54-77,327.7238467827508,305.3076909846932,9.407226933261027,-0.3836716031655669,1.0,
821,J4K5succ250_ampGrad,10x,2,6,-50,69-92,69-92,327.1774532673345,324.74290898530694,12.841102613668852,7.876008100335241,1.0,
822,J4K5succ250_ampGrad,10x,2,6,0,84-107,84-107,330.93458586863284,319.8932905549211,18.08560114144433,15.560532729313874,1.0,
823,J4K5succ250_ampGrad,10x,2,6,50,99-122,99-122,335.23127150918566,325.02206077624635,21.551801058774004,12.046855377570866,1.0,
824,J4K5succ250_ampGrad,10x,2,6,100,114-137,114-137,338.19596592641057,334.97966175122536,21.817284909982448,8.41026659629938,1.0,
825,J4K5succ250_ampGrad,10x,2,6,150,129-152,129-152,342.2763035177061,318.57892759245016,23.59343676391512,9.230272953000226,1.0,
826,J4K5succ250_ampGrad,10x,2,6,200,144-167,144-167,346.60540408363954,309.2116944609329,28.212241282749233,2.491209100161996,1.0,
827,J4K5succ250_ampGrad,10x,2,6,250,159-182,159-182,337.51777565302774,323.41389388825286,32.415868056468746,-0.6985644759005822,1.0,
828,J4K5succ250_ampGrad,10x,2,6,300,174-197,174-197,335.53206426113513,329.6850244102692,25.081875037318586,-1.581637654780252,1.0,
829,J4K5succ250_ampGrad,10x,2,6,350,189-212,189-212,337.83186461916864,337.69803713742533,23.824715775708736,1.397307402484273,1.0,
830,J4K5succ250_ampGrad,10x,2,6,400,204-227,204-227,334.67008849230626,333.55539199742407,23.458730474666087,8.173229143799349,1.0,
831,J4K5succ250_ampGrad,10x,2,6,450,219-243,219-242,345.746206749599,326.12670096712793,26.18542679878777,6.244836417845932,1.0,
832,J4K5succ250_ampGrad,10x,2,8,-150,39-62,38-62,328.26928507888067,310.23934645924413,7.131918109478307,3.3748041175072103,1.0,
833,J4K5succ250_ampGrad,10x,2,8,-100,54-77,54-77,324.8378795746492,308.22419305773724,6.521259725159325,2.5328304698784905,1.0,
834,J4K5succ250_ampGrad,10x,2,8,-50,69-92,69-92,329.0564715141969,326.367155941583,14.720120860531326,9.500255056611307,1.0,
835,J4K5succ250_ampGrad,10x,2,8,0,84-107,84-107,334.6511166136993,324.0772817898178,21.802131886510722,19.744523964210547,1.0,
836,J4K5succ250_ampGrad,10x,2,8,50,99-122,99-122,340.58838163962884,330.901969700531,26.90891118921707,17.926764301855542,1.0,
837,J4K5succ250_ampGrad,10x,2,8,100,114-137,114-137,343.7590354341739,335.73597885475164,27.380354417745767,9.166583699825653,1.0,
838,J4K5succ250_ampGrad,10x,2,8,150,129-152,129-152,347.322079688272,318.1359809868302,28.63921293448095,8.787326347380315,1.0,
839,J4K5succ250_ampGrad,10x,2,8,200,144-167,144-167,350.52395829497704,306.84498146423863,32.130795494086726,0.12449610346766347,1.0,
840,J4K5succ250_ampGrad,10x,2,8,250,159-182,159-182,345.2773962940001,324.1398524713844,40.175488697441146,0.02739410723091851,1.0,
841,J4K5succ250_ampGrad,10x,2,8,300,174-197,174-197,342.94820452090636,328.3244458545948,32.498015297089864,-2.94221621045466,1.0,
842,J4K5succ250_ampGrad,10x,2,8,350,189-212,189-212,349.2235503645255,336.6039613810274,35.21640152106556,0.30323164608631714,1.0,
843,J4K5succ250_ampGrad,10x,2,8,400,204-227,204-227,344.8780134134066,338.5144575996737,33.66665539576644,13.132294746048956,1.0,
844,J4K5succ250_ampGrad,10x,2,8,450,219-243,219-242,350.2235357469561,330.5661821243661,30.66275579614484,10.684317575084037,1.0,
845,J4K5succ250_ampGrad,10x,2,10,-150,39-62,38-62,331.6752443147286,309.3307742183688,10.537877345326253,2.46623187663198,1.0,
846,J4K5succ250_ampGrad,10x,2,10,-100,54-77,54-77,324.66116974657257,300.6768221424173,6.344549897082742,-5.014540445441469,1.0,
847,J4K5succ250_ampGrad,10x,2,10,-50,69-92,69-92,332.9270230145632,323.96789326637537,18.590672360897546,7.100992381403728,1.0,
848,J4K5succ250_ampGrad,10x,2,10,0,84-107,84-107,346.721642284394,331.7596081083537,33.872657557205514,27.426850282746443,1.0,
849,J4K5succ250_ampGrad,10x,2,10,50,99-122,99-122,359.98915405036576,334.62267653809437,46.30968359995404,21.64747113941894,1.0,
850,J4K5succ250_ampGrad,10x,2,10,100,114-137,114-137,355.83819799542044,340.1769337072254,39.459516978992326,13.607538552299387,1.0,
851,J4K5succ250_ampGrad,10x,2,10,150,129-152,129-152,356.76663794340857,325.3079126993375,38.08377118961755,15.959258059887645,1.0,
852,J4K5succ250_ampGrad,10x,2,10,200,144-167,144-167,353.2644908505986,314.6682817267575,34.871328049708325,7.947796365986619,1.0,
853,J4K5succ250_ampGrad,10x,2,10,250,159-182,159-182,350.06374263508485,327.67893715598393,44.961835038525926,3.5664787918304337,1.0,
854,J4K5succ250_ampGrad,10x,2,10,300,174-197,174-197,345.8988584389258,330.3396288725045,35.44866921510925,-0.9270331925449682,1.0,
855,J4K5succ250_ampGrad,10x,2,10,350,189-212,189-212,349.9010191100563,339.5614971776539,35.89387026659642,3.2607674427128472,1.0,
856,J4K5succ250_ampGrad,10x,2,10,400,204-227,204-227,351.3464630254658,342.37538141234796,40.1351050078257,16.993218558723303,1.0,
857,J4K5succ250_ampGrad,10x,2,10,450,219-243,219-242,365.88022545497114,331.1745143139485,46.31944550415983,11.292649764666464,1.0,
858,J4K5succ250_ampGrad,10x,3,0,-150,39-62,40-63,313.0964515342234,326.28592819523146,0.0,0.0,1.0,
859,J4K5succ250_ampGrad,10x,3,0,-100,54-77,55-78,308.0344822332362,319.6282251310945,0.0,0.0,1.0,
860,J4K5succ250_ampGrad,10x,3,0,-50,69-92,70-93,313.88719681599065,312.5435818865637,0.0,0.0,1.0,
861,J4K5succ250_ampGrad,10x,3,0,0,84-107,85-108,305.46951868129867,300.0616861959018,0.0,0.0,1.0,
862,J4K5succ250_ampGrad,10x,3,0,50,99-122,100-123,303.72336238962043,312.852427142017,0.0,0.0,1.0,
863,J4K5succ250_ampGrad,10x,3,0,100,114-137,115-138,305.2747753665947,314.1427842725913,0.0,0.0,1.0,
864,J4K5succ250_ampGrad,10x,3,0,150,129-152,130-153,309.9619779020718,315.73531896023496,0.0,0.0,1.0,
865,J4K5succ250_ampGrad,10x,3,0,200,144-167,145-168,318.5155977192144,326.806194179006,0.0,0.0,1.0,
866,J4K5succ250_ampGrad,10x,3,0,250,159-182,160-183,325.91742180043946,311.2914759468745,0.0,0.0,1.0,
867,J4K5succ250_ampGrad,10x,3,0,300,174-197,175-198,321.50351856285175,314.9790553245996,0.0,0.0,1.0,
868,J4K5succ250_ampGrad,10x,3,0,350,189-212,190-214,320.8081182199901,315.5386309082048,0.0,0.0,1.0,
869,J4K5succ250_ampGrad,10x,3,0,400,204-227,206-229,321.2513605116656,327.4519392685346,0.0,0.0,1.0,
870,J4K5succ250_ampGrad,10x,3,0,450,219-242,221-244,327.3381496396557,324.8934459668405,0.0,0.0,1.0,
871,J4K5succ250_ampGrad,10x,3,2,-150,39-62,40-63,317.6159627290402,328.2738327364117,4.5195111948168005,1.987904541180228,1.0,
872,J4K5succ250_ampGrad,10x,3,2,-100,54-77,55-78,318.9531361361901,319.13356764684863,10.918653902953906,-0.4946574842459199,1.0,
873,J4K5succ250_ampGrad,10x,3,2,-50,69-92,70-93,327.4907019047847,316.56993898081885,13.603505088794124,4.026357094255161,1.0,
874,J4K5succ250_ampGrad,10x,3,2,0,84-107,85-108,310.604641628347,302.02014426434516,5.1351229470482735,1.9584580684434056,1.0,
875,J4K5succ250_ampGrad,10x,3,2,50,99-122,100-123,307.63731943111037,313.30079607407424,3.9139570414899936,0.4483689320572353,1.0,
876,J4K5succ250_ampGrad,10x,3,2,100,114-137,115-138,310.25014972744367,314.67375627651484,4.97537436084906,0.5309720039235231,1.0,
877,J4K5succ250_ampGrad,10x,3,2,150,129-152,130-153,315.936593134413,315.72490146105486,5.9746152323411925,-0.01041749918010737,1.0,
878,J4K5succ250_ampGrad,10x,3,2,200,144-167,145-168,322.8114737643671,326.821345132262,4.295876045152738,0.015150953256068078,1.0,
879,J4K5succ250_ampGrad,10x,3,2,250,159-182,160-183,329.55849015758895,315.48023876430716,3.6410683571494933,4.1887628174326315,1.0,
880,J4K5succ250_ampGrad,10x,3,2,300,174-197,175-198,326.94576090882197,314.57478327617883,5.442242345970215,-0.4042720484208076,1.0,
881,J4K5succ250_ampGrad,10x,3,2,350,189-212,190-214,326.26272427692237,319.2550276615391,5.4546060569322785,3.7163967533342657,1.0,
882,J4K5succ250_ampGrad,10x,3,2,400,204-227,206-229,325.715671443311,330.01661983726365,4.4643109316454,2.5646805687290453,1.0,
883,J4K5succ250_ampGrad,10x,3,2,450,219-242,221-244,331.5760737439237,328.89774845456407,4.237924104268018,4.004302487723578,1.0,
884,J4K5succ250_ampGrad,10x,3,4,-150,39-62,40-63,321.323528532173,328.2748529509284,8.22707699794961,1.9889247556968712,1.0,
885,J4K5succ250_ampGrad,10x,3,4,-100,54-77,55-78,318.3782383935425,316.6373631956156,10.34375616030627,-2.9908619354789607,1.0,
886,J4K5succ250_ampGrad,10x,3,4,-50,69-92,70-93,331.8628820201699,317.9895901710991,17.975685204179285,5.446008284535424,1.0,
887,J4K5succ250_ampGrad,10x,3,4,0,84-107,85-108,320.89043139555883,305.65809241449193,15.420912714260053,5.5964062185901176,1.0,
888,J4K5succ250_ampGrad,10x,3,4,50,99-122,100-123,314.39313477752665,317.65479386261404,10.669772387906221,4.802366720597036,1.0,
889,J4K5succ250_ampGrad,10x,3,4,100,114-137,115-138,317.72399227346136,314.86714655552714,12.449216906866695,0.7243622829357719,1.0,
890,J4K5succ250_ampGrad,10x,3,4,150,129-152,130-153,323.7269181182935,317.4960251839044,13.764940216221705,1.7607062236693878,1.0,
891,J4K5succ250_ampGrad,10x,3,4,200,144-167,145-168,329.74420933036043,328.65004114640243,11.228611611146052,1.8438469673964728,1.0,
892,J4K5succ250_ampGrad,10x,3,4,250,159-182,160-183,335.61656528435225,316.11297681123824,9.699143483912794,4.8215008643637125,1.0,
893,J4K5succ250_ampGrad,10x,3,4,300,174-197,175-198,333.77420482737546,316.05930958142886,12.270686264523704,1.080254256829221,1.0,
894,J4K5succ250_ampGrad,10x,3,4,350,189-212,190-214,334.2537604962021,319.61136592777433,13.44564227621197,4.07273501956945,1.0,
895,J4K5succ250_ampGrad,10x,3,4,400,204-227,206-229,333.0231211814228,328.44272438190825,11.771760669757215,0.9907851133736472,1.0,
896,J4K5succ250_ampGrad,10x,3,4,450,219-242,221-244,339.3897378888361,329.15827200959177,12.051588249180439,4.264826042751281,1.0,
897,J4K5succ250_ampGrad,10x,3,6,-150,39-62,40-63,327.4648262069435,327.5637865728395,14.368374672720108,1.2778583776080268,1.0,
898,J4K5succ250_ampGrad,10x,3,6,-100,54-77,55-78,326.4919887712711,312.34830807743543,18.45750653803492,-7.27991705365912,1.0,
899,J4K5succ250_ampGrad,10x,3,6,-50,69-92,70-93,335.38408435707436,317.81002996666564,21.496887541083765,5.2664480801018945,1.0,
900,J4K5succ250_ampGrad,10x,3,6,0,84-107,85-108,329.11428477689617,309.75531045860197,23.644766095597504,9.693624262700157,1.0,
901,J4K5succ250_ampGrad,10x,3,6,50,99-122,100-123,327.18034190664633,318.3760028487748,23.456979517025843,5.523575706757754,1.0,
902,J4K5succ250_ampGrad,10x,3,6,100,114-137,115-138,328.7471761151873,316.44773368284393,23.47240074859264,2.3049494102526182,1.0,
903,J4K5succ250_ampGrad,10x,3,6,150,129-152,130-153,337.0134510064558,319.8368176974557,27.051473104383998,4.101498737220709,1.0,
904,J4K5succ250_ampGrad,10x,3,6,200,144-167,145-168,341.8669169165118,331.79499219476486,23.35131919729741,4.988798015758903,1.0,
905,J4K5succ250_ampGrad,10x,3,6,250,159-182,160-183,348.00530977726163,314.6727566385551,22.08788797682217,3.3812806916805016,1.0,
906,J4K5succ250_ampGrad,10x,3,6,300,174-197,175-198,348.71336597969287,313.655603331455,27.209847416841175,-1.3234519931446584,1.0,
907,J4K5succ250_ampGrad,10x,3,6,350,189-212,190-214,347.7384093554671,319.1467919204033,26.930291135476974,3.60816101219848,1.0,
908,J4K5succ250_ampGrad,10x,3,6,400,204-227,206-229,345.953715845855,327.76170730644515,24.70235533418941,0.30976803791048724,1.0,
909,J4K5succ250_ampGrad,10x,3,6,450,219-242,221-244,353.07866645643725,328.1172489437636,25.74051681678145,3.2238029769231384,1.0,
910,J4K5succ250_ampGrad,10x,3,8,-150,39-62,40-63,331.61383610730184,331.2365739941578,18.51738457307846,4.95064579892636,1.0,
911,J4K5succ250_ampGrad,10x,3,8,-100,54-77,55-78,328.7112866689648,308.5206717067255,20.67680443572857,-11.107553424369087,1.0,
912,J4K5succ250_ampGrad,10x,3,8,-50,69-92,70-93,334.37476102073975,318.43244869796507,20.48756420474916,5.888866811401385,1.0,
913,J4K5succ250_ampGrad,10x,3,8,0,84-107,85-108,334.3960921239247,317.9268079382509,28.92657344262597,17.86512174234906,1.0,
914,J4K5succ250_ampGrad,10x,3,8,50,99-122,100-123,333.20220690200205,320.6598895912373,29.47884451238161,7.8074624492202815,1.0,
915,J4K5succ250_ampGrad,10x,3,8,100,114-137,115-138,336.7463674424091,316.00625232670984,31.471592075814442,1.8634680541185844,1.0,
916,J4K5succ250_ampGrad,10x,3,8,150,129-152,130-153,339.6492796488985,318.798942156791,29.687301746826677,3.0636231965560228,1.0,
917,J4K5succ250_ampGrad,10x,3,8,200,144-167,145-168,344.0075165003499,331.74387396172324,25.491918781135496,4.937679782717282,1.0,
918,J4K5succ250_ampGrad,10x,3,8,250,159-182,160-183,348.0331662347238,314.76211310339545,22.11574443428441,3.4706371565209224,1.0,
919,J4K5succ250_ampGrad,10x,3,8,300,174-197,175-198,362.62772467108147,316.12323328782884,41.12420610822978,1.14417796322914,1.0,
920,J4K5succ250_ampGrad,10x,3,8,350,189-212,190-214,362.4228622583422,321.55116797298905,41.614744038352,6.012537064784226,1.0,
921,J4K5succ250_ampGrad,10x,3,8,400,204-227,206-229,355.0997719822719,325.4476061116215,33.848411470606266,-2.004333156913105,1.0,
922,J4K5succ250_ampGrad,10x,3,8,450,219-242,221-244,361.0384689830635,329.8798332060766,33.70031934340784,4.986387239236136,1.0,
923,J4K5succ250_ampGrad,10x,3,10,-150,39-62,40-63,333.90602266504084,332.01893357653364,20.80957113081746,5.733005381302121,1.0,
924,J4K5succ250_ampGrad,10x,3,10,-100,54-77,55-78,330.4301722108908,305.80349779385165,22.395689977654573,-13.824727337242964,1.0,
925,J4K5succ250_ampGrad,10x,3,10,-50,69-92,70-93,329.04514487191994,317.52989043617487,15.157948055929351,4.986308549611182,1.0,
926,J4K5succ250_ampGrad,10x,3,10,0,84-107,85-108,334.53273478657985,317.83356764251636,29.06321610528118,17.7718814466146,1.0,
927,J4K5succ250_ampGrad,10x,3,10,50,99-122,100-123,339.17758928162874,321.97466896912954,35.454226892008315,9.122241827112532,1.0,
928,J4K5succ250_ampGrad,10x,3,10,100,114-137,115-138,341.9537338241421,314.7100127378772,36.67895845754748,0.5672284652858934,1.0,
929,J4K5succ250_ampGrad,10x,3,10,150,129-152,130-153,336.07144290361845,316.9345354503504,26.10946500154665,1.1992164901154183,1.0,
930,J4K5succ250_ampGrad,10x,3,10,200,144-167,145-168,346.45968355913607,330.219825335886,27.944085839921684,3.4136311568800015,1.0,
931,J4K5succ250_ampGrad,10x,3,10,250,159-182,160-183,352.1839178619224,314.5635870809405,26.266496061482886,3.2721111340659945,1.0,
932,J4K5succ250_ampGrad,10x,3,10,300,174-197,175-198,366.77945724985915,319.97608251516067,45.27593868700747,4.997027190561028,1.0,
933,J4K5succ250_ampGrad,10x,3,10,350,189-212,190-214,383.2264638224671,323.60697507598235,62.418345602476904,8.068344167777468,1.0,
934,J4K5succ250_ampGrad,10x,3,10,400,204-227,206-229,371.76736551042677,328.851850808599,50.51600499876116,1.3999115400644089,1.0,
935,J4K5succ250_ampGrad,10x,3,10,450,219-242,221-244,364.6183747127543,331.1147498526489,37.28022507309861,6.221303885808368,1.0,
936,J4K5succ250_ampGrad,30x,1,0,-150,26-49,36-59,272.5981813689803,312.2922079423067,0.0,0.0,3.1622776601683795,
937,J4K5succ250_ampGrad,30x,1,0,-100,41-64,51-75,267.1100183438998,321.1998486789325,0.0,0.0,3.1622776601683795,
938,J4K5succ250_ampGrad,30x,1,0,-50,56-79,66-90,266.78657874749643,301.52424290382754,0.0,0.0,3.1622776601683795,
939,J4K5succ250_ampGrad,30x,1,0,0,71-94,82-105,274.4277048571271,291.40391147690985,0.0,0.0,3.1622776601683795,
940,J4K5succ250_ampGrad,30x,1,0,50,86-109,97-120,273.3255510774319,290.44137811399054,0.0,0.0,3.1622776601683795,
941,J4K5succ250_ampGrad,30x,1,0,100,101-124,112-135,276.3769354861866,301.8596466185439,0.0,0.0,3.1622776601683795,
942,J4K5succ250_ampGrad,30x,1,0,150,116-139,127-150,280.80090891319395,306.0156957288678,0.0,0.0,3.1622776601683795,
943,J4K5succ250_ampGrad,30x,1,0,200,131-154,142-165,274.8556174693344,300.07249938523057,0.0,0.0,3.1622776601683795,
944,J4K5succ250_ampGrad,30x,1,0,250,146-169,157-180,275.06109100307924,318.3438462901017,0.0,0.0,3.1622776601683795,
945,J4K5succ250_ampGrad,30x,1,0,300,161-184,172-195,272.4169837168499,319.11873305022016,0.0,0.0,3.1622776601683795,
946,J4K5succ250_ampGrad,30x,1,0,350,176-200,187-210,275.86664421013506,301.6008330543973,0.0,0.0,3.1622776601683795,
947,J4K5succ250_ampGrad,30x,1,0,400,192-215,202-225,270.98560455133264,308.27862951609785,0.0,0.0,3.1622776601683795,
948,J4K5succ250_ampGrad,30x,1,0,450,207-230,217-240,273.37746997256505,317.39032055183253,0.0,0.0,3.1622776601683795,
949,J4K5succ250_ampGrad,30x,1,2,-150,26-49,36-59,272.0913513380442,318.8574132919348,-0.5068300309361007,6.565205349628116,3.1622776601683795,
950,J4K5succ250_ampGrad,30x,1,2,-100,41-64,51-75,268.39025338965183,324.94733755606535,1.280235045752022,3.7474888771328096,3.1622776601683795,
951,J4K5succ250_ampGrad,30x,1,2,-50,56-79,66-90,268.3776106563707,308.88458724972645,1.5910319088742997,7.36034434589891,3.1622776601683795,
952,J4K5succ250_ampGrad,30x,1,2,0,71-94,82-105,275.2279443561332,298.4527372856376,0.8002394990061248,7.04882580872777,3.1622776601683795,
953,J4K5succ250_ampGrad,30x,1,2,50,86-109,97-120,274.782230523367,293.9608922139235,1.4566794459350945,3.5195140999329624,3.1622776601683795,
954,J4K5succ250_ampGrad,30x,1,2,100,101-124,112-135,277.69628680719467,306.38753398112414,1.319351321008071,4.527887362580259,3.1622776601683795,
955,J4K5succ250_ampGrad,30x,1,2,150,116-139,127-150,282.53318450255784,308.7205841326087,1.7322755893639508,2.704888403740881,3.1622776601683795,
956,J4K5succ250_ampGrad,30x,1,2,200,131-154,142-165,275.8644961624779,303.8606735340493,1.0088786931435152,3.788174148818769,3.1622776601683795,
957,J4K5succ250_ampGrad,30x,1,2,250,146-169,157-180,277.1221943239518,323.35453009128526,2.061103320872576,5.010683801183576,3.1622776601683795,
958,J4K5succ250_ampGrad,30x,1,2,300,161-184,172-195,274.186343493634,320.13927780217256,1.7693597767840288,1.0205447519523432,3.1622776601683795,
959,J4K5succ250_ampGrad,30x,1,2,350,176-200,187-210,278.9240320516085,304.02741450478663,3.057387841473428,2.4265814503893357,3.1622776601683795,
960,J4K5succ250_ampGrad,30x,1,2,400,192-215,202-225,272.21437199296025,314.8556265781086,1.2287674416276104,6.576997062010719,3.1622776601683795,
961,J4K5succ250_ampGrad,30x,1,2,450,207-230,217-240,274.55875412934114,326.56026015303763,1.181284156776087,9.1699396012051,3.1622776601683795,
962,J4K5succ250_ampGrad,30x,1,4,-150,26-49,36-59,273.2841811260161,320.1100904016315,0.6859997570358018,7.817882459324836,3.1622776601683795,
963,J4K5succ250_ampGrad,30x,1,4,-100,41-64,51-75,271.3686431042359,327.4508435968796,4.258624760336089,6.250994917947082,3.1622776601683795,
964,J4K5succ250_ampGrad,30x,1,4,-50,56-79,66-90,272.0007472217178,312.48859362088365,5.214168474221424,10.964350717056165,3.1622776601683795,
965,J4K5succ250_ampGrad,30x,1,4,0,71-94,82-105,278.580244646984,302.497109617754,4.152539789856918,11.093198140844152,3.1622776601683795,
966,J4K5succ250_ampGrad,30x,1,4,50,86-109,97-120,279.03750160962267,294.95061525196525,5.7119505321907695,4.509237137974708,3.1622776601683795,
967,J4K5succ250_ampGrad,30x,1,4,100,101-124,112-135,281.5437483532172,305.8052502272667,5.166812867030559,3.94560360872282,3.1622776601683795,
968,J4K5succ250_ampGrad,30x,1,4,150,116-139,127-150,287.5329462512729,308.451084965917,6.73203733807901,2.435389237049208,3.1622776601683795,
969,J4K5succ250_ampGrad,30x,1,4,200,131-154,142-165,283.1034174572835,304.5265193011984,8.247799987949122,4.454019915967763,3.1622776601683795,
970,J4K5succ250_ampGrad,30x,1,4,250,146-169,157-180,283.57995918700163,325.3704872805397,8.518868183922336,7.026640990438012,3.1622776601683795,
971,J4K5succ250_ampGrad,30x,1,4,300,161-184,172-195,280.2522296095018,320.28916337105966,7.835245892651869,1.1704303208395004,3.1622776601683795,
972,J4K5succ250_ampGrad,30x,1,4,350,176-200,187-210,285.70707898609675,302.11662268373385,9.840434775961684,0.5157896293365525,3.1622776601683795,
973,J4K5succ250_ampGrad,30x,1,4,400,192-215,202-225,277.12862682005004,312.9316443358473,6.143022268717402,4.653014819749387,3.1622776601683795,
974,J4K5succ250_ampGrad,30x,1,4,450,207-230,217-240,280.5814504208574,324.3521534840022,7.203980448292327,6.9618329321696715,3.1622776601683795,
975,J4K5succ250_ampGrad,30x,1,6,-150,26-49,36-59,277.584096316536,320.62322037667326,4.985914947555671,8.331012434366585,3.1622776601683795,
976,J4K5succ250_ampGrad,30x,1,6,-100,41-64,51-75,276.55485810884517,329.4419629229479,9.444839764945414,8.24211424401534,3.1622776601683795,
977,J4K5succ250_ampGrad,30x,1,6,-50,56-79,66-90,277.8166379098355,317.48038894727716,11.030059162339112,15.95614604344962,3.1622776601683795,
978,J4K5succ250_ampGrad,30x,1,6,0,71-94,82-105,286.48072886425064,302.66056003371267,12.053024007123494,11.256648556802816,3.1622776601683795,
979,J4K5succ250_ampGrad,30x,1,6,50,86-109,97-120,286.25523753516825,298.14559179680543,12.929686457736352,7.704213682814895,3.1622776601683795,
980,J4K5succ250_ampGrad,30x,1,6,100,101-124,112-135,290.01009077127867,309.0793186792584,13.633155285092073,7.219672060714514,3.1622776601683795,
981,J4K5succ250_ampGrad,30x,1,6,150,116-139,127-150,295.9776156647768,309.2877548609149,15.176706751582856,3.2720591320471044,3.1622776601683795,
982,J4K5succ250_ampGrad,30x,1,6,200,131-154,142-165,292.67178690884515,305.70901311166705,17.816169439510702,5.636513726436477,3.1622776601683795,
983,J4K5succ250_ampGrad,30x,1,6,250,146-169,157-180,292.87884447504797,325.9897381624106,17.81775347196873,7.645891872308938,3.1622776601683795,
984,J4K5succ250_ampGrad,30x,1,6,300,161-184,172-195,290.8318197710585,318.7283481719772,18.414836054208592,-0.3903848782430259,3.1622776601683795,
985,J4K5succ250_ampGrad,30x,1,6,350,176-200,187-210,295.45065312123944,300.84973390307243,19.584008911104373,-0.7510991513248655,3.1622776601683795,
986,J4K5succ250_ampGrad,30x,1,6,400,192-215,202-225,287.0384451310296,312.20557479992186,16.05284057969692,3.9269452838240113,3.1622776601683795,
987,J4K5succ250_ampGrad,30x,1,6,450,207-230,217-240,290.434961510222,327.50706743609885,17.057491537656915,10.11674688426632,3.1622776601683795,
988,J4K5succ250_ampGrad,30x,1,8,-150,26-49,36-59,280.27284491195337,322.490678330108,7.674663542973064,10.198470387801306,3.1622776601683795,
989,J4K5succ250_ampGrad,30x,1,8,-100,41-64,51-75,281.28035016663404,330.1118633686932,14.170331822734227,8.91201468976061,3.1622776601683795,
990,J4K5succ250_ampGrad,30x,1,8,-50,56-79,66-90,284.0774109203905,321.19323281361005,17.290832172894113,19.66898990978251,3.1622776601683795,
991,J4K5succ250_ampGrad,30x,1,8,0,71-94,82-105,294.4623991080509,305.4467261874048,20.034694250923792,14.042814710494952,3.1622776601683795,
992,J4K5succ250_ampGrad,30x,1,8,50,86-109,97-120,295.6426017240687,298.0287952885172,22.3170506466368,7.587417174526593,3.1622776601683795,
993,J4K5succ250_ampGrad,30x,1,8,100,101-124,112-135,300.7986817973224,310.11843825403594,24.421746311135788,8.25879163549206,3.1622776601683795,
994,J4K5succ250_ampGrad,30x,1,8,150,116-139,127-150,304.54519042629767,312.1887505855728,23.744281513103772,6.1730548567049945,3.1622776601683795,
995,J4K5succ250_ampGrad,30x,1,8,200,131-154,142-165,302.619652708928,306.73292260680375,27.76403523959357,6.660423221573183,3.1622776601683795,
996,J4K5succ250_ampGrad,30x,1,8,250,146-169,157-180,303.4401599376073,325.67048770431086,28.37906893452805,7.326641414209178,3.1622776601683795,
997,J4K5succ250_ampGrad,30x,1,8,300,161-184,172-195,302.0417278926623,321.1733925188674,29.624744175812392,2.054659468647173,3.1622776601683795,
998,J4K5succ250_ampGrad,30x,1,8,350,176-200,187-210,308.00582869772893,302.92048664057467,32.139184487593866,1.3196535861774237,3.1622776601683795,
999,J4K5succ250_ampGrad,30x,1,8,400,192-215,202-225,301.17585049875765,315.44240220218467,30.190245947425012,7.1637726860868165,3.1622776601683795,
1000,J4K5succ250_ampGrad,30x,1,8,450,207-230,217-240,301.51221153254465,328.66376675326745,28.134741559979602,11.273446201434922,3.1622776601683795,
1001,J4K5succ250_ampGrad,30x,1,10,-150,26-49,36-59,279.553100962881,324.6550313796044,6.9549195939006845,12.36282343729772,3.1622776601683795,
1002,J4K5succ250_ampGrad,30x,1,10,-100,41-64,51-75,286.0358160550598,334.62406016002177,18.925797711159987,13.42421148108923,3.1622776601683795,
1003,J4K5succ250_ampGrad,30x,1,10,-50,56-79,66-90,290.15516757170013,320.7031692745752,23.368588824203695,19.178926370747604,3.1622776601683795,
1004,J4K5succ250_ampGrad,30x,1,10,0,71-94,82-105,299.3292087996176,307.7388807519299,24.901503942490482,16.334969275020057,3.1622776601683795,
1005,J4K5succ250_ampGrad,30x,1,10,50,86-109,97-120,300.1898870859412,300.9402776064432,26.86433600850927,10.498899492452606,3.1622776601683795,
1006,J4K5succ250_ampGrad,30x,1,10,100,101-124,112-135,312.6413000780365,313.7482050914168,36.264364591849926,11.888558472872887,3.1622776601683795,
1007,J4K5succ250_ampGrad,30x,1,10,150,116-139,127-150,308.75874865775774,313.0304862017807,27.957839744563785,7.014790472912921,3.1622776601683795,
1008,J4K5succ250_ampGrad,30x,1,10,200,131-154,142-165,310.2026767269375,305.6387335733173,35.347059257603114,5.566234188086753,3.1622776601683795,
1009,J4K5succ250_ampGrad,30x,1,10,250,146-169,157-180,318.29160492924217,326.40977627906267,43.230513926162985,8.065929988961045,3.1622776601683795,
1010,J4K5succ250_ampGrad,30x,1,10,300,161-184,172-195,311.91982587426867,322.93902810210164,39.50284215741874,3.8202950518814873,3.1622776601683795,
1011,J4K5succ250_ampGrad,30x,1,10,350,176-200,187-210,321.4270895765916,300.60258266832517,45.56044536645658,-0.9982503860720726,3.1622776601683795,
1012,J4K5succ250_ampGrad,30x,1,10,400,192-215,202-225,316.4867481594314,315.5943044935474,45.501143608098744,7.3156749774494765,3.1622776601683795,
1013,J4K5succ250_ampGrad,30x,1,10,450,207-230,217-240,315.98196148993253,330.0911240803921,42.60449151736742,12.700803528559618,3.1622776601683795,
1014,J4K5succ250_ampGrad,30x,2,0,-150,38-61,37-60,315.2683419175143,288.24412911463344,0.0,0.0,3.1622776601683795,
1015,J4K5succ250_ampGrad,30x,2,0,-100,53-76,52-75,316.7126387033725,293.4121154132188,0.0,0.0,3.1622776601683795,
1016,J4K5succ250_ampGrad,30x,2,0,-50,68-91,67-90,314.1227952999408,295.2997646313899,0.0,0.0,3.1622776601683795,
1017,J4K5succ250_ampGrad,30x,2,0,0,83-106,82-105,313.5485529329491,303.170972329698,0.0,0.0,3.1622776601683795,
1018,J4K5succ250_ampGrad,30x,2,0,50,98-122,97-120,315.55430897763785,293.50911438924527,0.0,0.0,3.1622776601683795,
1019,J4K5succ250_ampGrad,30x,2,0,100,114-137,112-135,311.1853577458464,301.5573226801738,0.0,0.0,3.1622776601683795,
1020,J4K5succ250_ampGrad,30x,2,0,150,129-152,127-150,317.62160197549207,313.0768043244009,0.0,0.0,3.1622776601683795,
1021,J4K5succ250_ampGrad,30x,2,0,200,144-167,142-165,313.20166507013835,323.5003518050016,0.0,0.0,3.1622776601683795,
1022,J4K5succ250_ampGrad,30x,2,0,250,159-182,157-180,305.4274246369864,320.8677431367405,0.0,0.0,3.1622776601683795,
1023,J4K5succ250_ampGrad,30x,2,0,300,174-197,172-195,313.2163638722958,328.1759244423288,0.0,0.0,3.1622776601683795,
1024,J4K5succ250_ampGrad,30x,2,0,350,189-212,187-210,315.3431320209866,331.20960212905106,0.0,0.0,3.1622776601683795,
1025,J4K5succ250_ampGrad,30x,2,0,400,204-227,202-226,314.6194628991267,322.52086651593413,0.0,0.0,3.1622776601683795,
1026,J4K5succ250_ampGrad,30x,2,0,450,219-242,218-241,320.0645308809948,310.7968539424032,0.0,0.0,3.1622776601683795,
1027,J4K5succ250_ampGrad,30x,2,2,-150,38-61,37-60,318.4175579559738,293.6212693723049,3.1492160384594854,5.37714025767144,3.1622776601683795,
1028,J4K5succ250_ampGrad,30x,2,2,-100,53-76,52-75,324.208560960288,302.1799835429909,7.4959222569155495,8.767868129772125,3.1622776601683795,
1029,J4K5succ250_ampGrad,30x,2,2,-50,68-91,67-90,317.85974331229204,309.72893062503573,3.736948012351263,14.429165993645825,3.1622776601683795,
1030,J4K5succ250_ampGrad,30x,2,2,0,83-106,82-105,314.2270050632745,309.52644425801867,0.678452130325411,6.355471928320752,3.1622776601683795,
1031,J4K5succ250_ampGrad,30x,2,2,50,98-122,97-120,318.8757986230167,299.2889382239072,3.32148964537879,5.779823834661955,3.1622776601683795,
1032,J4K5succ250_ampGrad,30x,2,2,100,114-137,112-135,316.53152437877065,309.6829781646786,5.346166632924224,8.125655484504763,3.1622776601683795,
1033,J4K5succ250_ampGrad,30x,2,2,150,129-152,127-150,320.76776021981317,316.03905755046844,3.1461582443211,2.9622532260675603,3.1622776601683795,
1034,J4K5succ250_ampGrad,30x,2,2,200,144-167,142-165,315.35296970468863,324.72863651496755,2.151304634550229,1.2282847099659762,3.1622776601683795,
1035,J4K5succ250_ampGrad,30x,2,2,250,159-182,157-180,308.53122830276874,323.8395798335465,3.1038036657823227,2.971836696806008,3.1622776601683795,
1036,J4K5succ250_ampGrad,30x,2,2,300,174-197,172-195,314.6188013632654,328.7813057920736,1.4024374909695323,0.6053813497447891,3.1622776601683795,
1037,J4K5succ250_ampGrad,30x,2,2,350,189-212,187-210,318.48108525611894,335.8275602830981,3.1379532351323287,4.6179581540470735,3.1622776601683795,
1038,J4K5succ250_ampGrad,30x,2,2,400,204-227,202-226,319.6631510198252,324.7369244365821,5.043688120698448,2.2160579206480406,3.1622776601683795,
1039,J4K5succ250_ampGrad,30x,2,2,450,219-242,218-241,324.3829670552336,314.28640039859005,4.318436174238799,3.489546456186872,3.1622776601683795,
1040,J4K5succ250_ampGrad,30x,2,4,-150,38-61,37-60,319.8734974074776,294.8947600152731,4.605155489963295,6.650630900639669,3.1622776601683795,
1041,J4K5succ250_ampGrad,30x,2,4,-100,53-76,52-75,326.74111961781614,302.57321472532163,10.028480914443662,9.161099312102806,3.1622776601683795,
1042,J4K5succ250_ampGrad,30x,2,4,-50,68-91,67-90,319.58750515942023,313.437414395699,5.464709859479399,18.13764976430912,3.1622776601683795,
1043,J4K5succ250_ampGrad,30x,2,4,0,83-106,82-105,315.4295021799369,308.2857681007173,1.880949246987768,5.114795771019316,3.1622776601683795,
1044,J4K5succ250_ampGrad,30x,2,4,50,98-122,97-120,322.3686553067405,298.49894423183656,6.814346329102647,4.989829842591291,3.1622776601683795,
1045,J4K5succ250_ampGrad,30x,2,4,100,114-137,112-135,322.83108924461993,303.147881416133,11.645731498773555,1.590558735959121,3.1622776601683795,
1046,J4K5succ250_ampGrad,30x,2,4,150,129-152,127-150,327.42628368507195,314.74575751511304,9.804681709579881,1.6689531907121593,3.1622776601683795,
1047,J4K5succ250_ampGrad,30x,2,4,200,144-167,142-165,319.660543503474,325.08772984266284,6.458878433335656,1.5873780376612672,3.1622776601683795,
1048,J4K5succ250_ampGrad,30x,2,4,250,159-182,157-180,315.5284812973637,322.7831735337685,10.101056660377251,1.9154303970280464,3.1622776601683795,
1049,J4K5succ250_ampGrad,30x,2,4,300,174-197,172-195,318.5436027102328,330.1170846368808,5.327238837936932,1.9411601945520258,3.1622776601683795,
1050,J4K5succ250_ampGrad,30x,2,4,350,189-212,187-210,323.49187186476445,333.863360839701,8.148739843777832,2.6537587106499245,3.1622776601683795,
1051,J4K5succ250_ampGrad,30x,2,4,400,204-227,202-226,326.03955390253014,316.85061631977885,11.420091003403401,-5.670250196155165,3.1622776601683795,
1052,J4K5succ250_ampGrad,30x,2,4,450,219-242,218-241,332.65220381904635,310.3087476493788,12.587672938051526,-0.4881062930243729,3.1622776601683795,
1053,J4K5succ250_ampGrad,30x,2,6,-150,38-61,37-60,323.10071519144674,292.57936490561343,7.832373273932433,4.3352357909799935,3.1622776601683795,
1054,J4K5succ250_ampGrad,30x,2,6,-100,53-76,52-75,332.40291186007124,305.1009573767793,15.690273156698765,11.688841963560547,3.1622776601683795,
1055,J4K5succ250_ampGrad,30x,2,6,-50,68-91,67-90,324.16250685274787,316.8289547613219,10.039711552807148,21.529190129931976,3.1622776601683795,
1056,J4K5succ250_ampGrad,30x,2,6,0,83-106,82-105,317.7201483862789,314.8006792382841,4.171595453329758,11.629706908586057,3.1622776601683795,
1057,J4K5succ250_ampGrad,30x,2,6,50,98-122,97-120,329.6500483550548,299.83337580420243,14.09573937741692,6.3242614149571645,3.1622776601683795,
1058,J4K5succ250_ampGrad,30x,2,6,100,114-137,112-135,330.1068009923565,303.19207958728754,18.921443246510137,1.6347569071136832,3.1622776601683795,
1059,J4K5succ250_ampGrad,30x,2,6,150,129-152,127-150,335.9018653335463,311.19132966885576,18.28026335805424,-1.8854746555451245,3.1622776601683795,
1060,J4K5succ250_ampGrad,30x,2,6,200,144-167,142-165,327.92421695019465,326.95421064201213,14.722551880056246,3.4538588370105563,3.1622776601683795,
1061,J4K5succ250_ampGrad,30x,2,6,250,159-182,157-180,326.180254337714,325.8692155862109,20.752829700727602,5.001472449470383,3.1622776601683795,
1062,J4K5succ250_ampGrad,30x,2,6,300,174-197,172-195,328.22366783372183,332.70115038253545,15.007303961425974,4.525225940206667,3.1622776601683795,
1063,J4K5succ250_ampGrad,30x,2,6,350,189-212,187-210,333.06438201293207,335.568728303187,17.721249991945452,4.359126174135952,3.1622776601683795,
1064,J4K5succ250_ampGrad,30x,2,6,400,204-227,202-226,339.29403104406504,317.341792312611,24.674568144938288,-5.179074203323069,3.1622776601683795,
1065,J4K5succ250_ampGrad,30x,2,6,450,219-242,218-241,347.47667413801383,313.1200852420671,27.41214325701901,2.32323129966386,3.1622776601683795,
1066,J4K5succ250_ampGrad,30x,2,8,-150,38-61,37-60,323.5016785798822,294.95383690447807,8.23333666236789,6.709707789844629,3.1622776601683795,
1067,J4K5succ250_ampGrad,30x,2,8,-100,53-76,52-75,335.843038776877,306.6652711163947,19.130400073504518,13.253155703175937,3.1622776601683795,
1068,J4K5succ250_ampGrad,30x,2,8,-50,68-91,67-90,324.04005438755013,318.70500189789806,9.917259087609297,23.40523726650815,3.1622776601683795,
1069,J4K5succ250_ampGrad,30x,2,8,0,83-106,82-105,318.3923705672902,314.1013109159187,4.8438176343410655,10.930338586220728,3.1622776601683795,
1070,J4K5succ250_ampGrad,30x,2,8,50,98-122,97-120,334.67472534255216,300.43233364507324,19.12041636491432,6.9232192558279735,3.1622776601683795,
1071,J4K5succ250_ampGrad,30x,2,8,100,114-137,112-135,338.71874349937605,306.5117995389278,27.53338575352967,4.954476858753934,3.1622776601683795,
1072,J4K5succ250_ampGrad,30x,2,8,150,129-152,127-150,344.63262266442774,312.00723309180177,27.011020688935613,-1.069571232599117,3.1622776601683795,
1073,J4K5succ250_ampGrad,30x,2,8,200,144-167,142-165,336.2615318479548,327.59786849326224,23.05986677781641,4.0975166882606695,3.1622776601683795,
1074,J4K5succ250_ampGrad,30x,2,8,250,159-182,157-180,333.759245062408,327.64736711046163,28.331820425421537,6.7796239737211295,3.1622776601683795,
1075,J4K5succ250_ampGrad,30x,2,8,300,174-197,172-195,338.3141935562522,332.5214607166362,25.097829683956324,4.345536274307449,3.1622776601683795,
1076,J4K5succ250_ampGrad,30x,2,8,350,189-212,187-210,343.5568915687287,338.85705571322694,28.21375954774209,7.647453584175878,3.1622776601683795,
1077,J4K5succ250_ampGrad,30x,2,8,400,204-227,202-226,351.00668813179357,315.9041162912699,36.387225232666886,-6.616750224664202,3.1622776601683795,
1078,J4K5succ250_ampGrad,30x,2,8,450,219-242,218-241,360.5854815897578,316.74847183782657,40.520950708762996,5.9516178954233965,3.1622776601683795,
1079,J4K5succ250_ampGrad,30x,2,10,-150,38-61,37-60,316.63085447567533,295.73922791818336,1.3625125581609725,7.495098803549979,3.1622776601683795,
1080,J4K5succ250_ampGrad,30x,2,10,-100,53-76,52-75,336.09704247399645,304.70182912337935,19.384403770623976,11.289713710160642,3.1622776601683795,
1081,J4K5succ250_ampGrad,30x,2,10,-50,68-91,67-90,320.672406025723,323.4314512677383,6.549610725782203,28.131686636348377,3.1622776601683795,
1082,J4K5succ250_ampGrad,30x,2,10,0,83-106,82-105,317.41314645470885,315.03196701836316,3.86459352175973,11.860994688665187,3.1622776601683795,
1083,J4K5succ250_ampGrad,30x,2,10,50,98-122,97-120,337.91346725735247,291.85760957432024,22.359158279714567,-1.651504814925033,3.1622776601683795,
1084,J4K5succ250_ampGrad,30x,2,10,100,114-137,112-135,355.0118617767002,305.4824164744614,43.82650403085381,3.925093794287534,3.1622776601683795,
1085,J4K5succ250_ampGrad,30x,2,10,150,129-152,127-150,358.1882415453585,315.74591824655886,40.566639569866474,2.669113922157976,3.1622776601683795,
1086,J4K5succ250_ampGrad,30x,2,10,200,144-167,142-165,346.8502024910621,331.4462704382043,33.64853742092373,7.945918633202722,3.1622776601683795,
1087,J4K5succ250_ampGrad,30x,2,10,250,159-182,157-180,344.96562237195366,331.3292512940293,39.53819773496719,10.461508157288788,3.1622776601683795,
1088,J4K5succ250_ampGrad,30x,2,10,300,174-197,172-195,343.3843918810804,331.9342698382468,30.168028008784518,3.75834539591807,3.1622776601683795,
1089,J4K5succ250_ampGrad,30x,2,10,350,189-212,187-210,358.23061987395243,335.43497786524165,42.88748785296582,4.225375736190529,3.1622776601683795,
1090,J4K5succ250_ampGrad,30x,2,10,400,204-227,202-226,376.09499702883437,315.86765143553777,61.47553412970768,-6.653215080396308,3.1622776601683795,
1091,J4K5succ250_ampGrad,30x,2,10,450,219-242,218-241,378.9439906882202,318.7478110362312,58.87945980722543,7.9509570938280945,3.1622776601683795,
1092,J4K5succ250_ampGrad,30x,3,0,-150,34-57,43-67,309.68372559467565,329.6704352808871,0.0,0.0,3.1622776601683795,
1093,J4K5succ250_ampGrad,30x,3,0,-100,49-72,59-82,310.7870098618926,323.63745047638696,0.0,0.0,3.1622776601683795,
1094,J4K5succ250_ampGrad,30x,3,0,-50,64-87,74-97,304.45563602540125,309.0599066659635,0.0,0.0,3.1622776601683795,
1095,J4K5succ250_ampGrad,30x,3,0,0,79-102,89-112,305.0785365612916,312.8389448600752,0.0,0.0,3.1622776601683795,
1096,J4K5succ250_ampGrad,30x,3,0,50,94-117,104-127,296.44045683935036,340.19326494531987,0.0,0.0,3.1622776601683795,
1097,J4K5succ250_ampGrad,30x,3,0,100,109-132,119-142,296.95762826206965,344.84809319530103,0.0,0.0,3.1622776601683795,
1098,J4K5succ250_ampGrad,30x,3,0,150,124-147,134-157,298.24519294913125,337.4702887954008,0.0,0.0,3.1622776601683795,
1099,J4K5succ250_ampGrad,30x,3,0,200,139-162,149-172,297.6149493292056,339.5558616577773,0.0,0.0,3.1622776601683795,
1100,J4K5succ250_ampGrad,30x,3,0,250,154-178,164-187,304.6053040498315,354.51125006801783,0.0,0.0,3.1622776601683795,
1101,J4K5succ250_ampGrad,30x,3,0,300,170-193,179-202,297.46239325671587,333.61303119645385,0.0,0.0,3.1622776601683795,
1102,J4K5succ250_ampGrad,30x,3,0,350,185-208,194-217,299.18683008079836,337.750291183635,0.0,0.0,3.1622776601683795,
1103,J4K5succ250_ampGrad,30x,3,0,400,200-223,209-232,307.35072941173513,348.2683447275873,0.0,0.0,3.1622776601683795,
1104,J4K5succ250_ampGrad,30x,3,0,450,215-238,224-247,300.8433439588335,343.70204680677404,0.0,0.0,3.1622776601683795,
1105,J4K5succ250_ampGrad,30x,3,2,-150,34-57,43-67,311.49286288896667,338.4677889459076,1.80913729429102,8.797353665020523,3.1622776601683795,
1106,J4K5succ250_ampGrad,30x,3,2,-100,49-72,59-82,311.02861382938363,325.78982548292413,0.2416039674909598,2.1523750065370564,3.1622776601683795,
1107,J4K5succ250_ampGrad,30x,3,2,-50,64-87,74-97,305.3675406159835,310.643614569955,0.9119045905822531,1.5837079039914668,3.1622776601683795,
1108,J4K5succ250_ampGrad,30x,3,2,0,79-102,89-112,307.8897466468427,313.0020891588188,2.8112100855511244,0.16314429874364578,3.1622776601683795,
1109,J4K5succ250_ampGrad,30x,3,2,50,94-117,104-127,297.4002745976137,340.83242731237436,0.9598177582632844,0.6391623670544391,3.1622776601683795,
1110,J4K5succ250_ampGrad,30x,3,2,100,109-132,119-142,298.35601658066054,346.7321022191897,1.3983883185908894,1.884009023888666,3.1622776601683795,
1111,J4K5succ250_ampGrad,30x,3,2,150,124-147,134-157,299.2071293614645,335.68371163413514,0.961936412333216,-1.7865771612657113,3.1622776601683795,
1112,J4K5succ250_ampGrad,30x,3,2,200,139-162,149-172,300.4385227995092,340.98798530064755,2.823573470303587,1.4321236428702375,3.1622776601683795,
1113,J4K5succ250_ampGrad,30x,3,2,250,154-178,164-187,307.87986209128775,353.46771680788737,3.27455804145626,-1.0435332601303458,3.1622776601683795,
1114,J4K5succ250_ampGrad,30x,3,2,300,170-193,179-202,299.5023796853901,333.76804188762213,2.03998642867424,0.15501069116828606,3.1622776601683795,
1115,J4K5succ250_ampGrad,30x,3,2,350,185-208,194-217,300.7417832812765,337.0039699120772,1.5549532004781668,-0.7463212715578038,3.1622776601683795,
1116,J4K5succ250_ampGrad,30x,3,2,400,200-223,209-232,307.97155448453793,347.659918393807,0.6208250728028588,-0.608426333780244,3.1622776601683795,
1117,J4K5succ250_ampGrad,30x,3,2,450,215-238,224-247,302.29612083539865,346.9883270949563,1.4527768765651672,3.2862802881822404,3.1622776601683795,
1118,J4K5succ250_ampGrad,30x,3,4,-150,34-57,43-67,312.84648649548905,339.3169907286093,3.162760900813397,9.646555447722278,3.1622776601683795,
1119,J4K5succ250_ampGrad,30x,3,4,-100,49-72,59-82,312.78489654709375,324.5509031318934,1.9978866852011377,0.9134526555063758,3.1622776601683795,
1120,J4K5succ250_ampGrad,30x,3,4,-50,64-87,74-97,307.66594528316,310.22789125620665,3.210309257758752,1.1679845902431223,3.1622776601683795,
1121,J4K5succ250_ampGrad,30x,3,4,0,79-102,89-112,312.3124545339473,310.0083408319718,7.2339179726557745,-2.830604028103324,3.1622776601683795,
1122,J4K5succ250_ampGrad,30x,3,4,50,94-117,104-127,300.7834905914405,339.59865636453026,4.3430337520900935,-0.5946085807896679,3.1622776601683795,
1123,J4K5succ250_ampGrad,30x,3,4,100,109-132,119-142,301.2934908097239,344.8702599784266,4.335862547654301,0.02216678312555587,3.1622776601683795,
1124,J4K5succ250_ampGrad,30x,3,4,150,124-147,134-157,301.94821395086774,333.01593755540574,3.7030210017364884,-4.454351239995049,3.1622776601683795,
1125,J4K5succ250_ampGrad,30x,3,4,200,139-162,149-172,303.0391127110883,339.76258745670134,5.4241633818827495,0.20672579892396925,3.1622776601683795,
1126,J4K5succ250_ampGrad,30x,3,4,250,154-178,164-187,312.1268582746684,351.29642506836166,7.521554224836905,-3.214824999656116,3.1622776601683795,
1127,J4K5succ250_ampGrad,30x,3,4,300,170-193,179-202,303.9283308571119,328.02647487325373,6.465937600396045,-5.586556323200114,3.1622776601683795,
1128,J4K5succ250_ampGrad,30x,3,4,350,185-208,194-217,303.86807624803527,332.1810357504945,4.681246167236908,-5.56925543314054,3.1622776601683795,
1129,J4K5succ250_ampGrad,30x,3,4,400,200-223,209-232,310.8316050525156,348.8406650857452,3.480875640780538,0.5723203581578673,3.1622776601683795,
1130,J4K5succ250_ampGrad,30x,3,4,450,215-238,224-247,306.2759752172042,344.652931524663,5.432631258370692,0.9508847178889824,3.1622776601683795,
1131,J4K5succ250_ampGrad,30x,3,6,-150,34-57,43-67,314.927299510667,346.7905000403032,5.243573915991362,17.120064759416096,3.1622776601683795,
1132,J4K5succ250_ampGrad,30x,3,6,-100,49-72,59-82,313.0166147282372,325.6696559918218,2.229604866344573,2.032205515434839,3.1622776601683795,
1133,J4K5succ250_ampGrad,30x,3,6,-50,64-87,74-97,310.6893404212488,310.98448989371184,6.233704395847553,1.9245832277482575,3.1622776601683795,
1134,J4K5succ250_ampGrad,30x,3,6,0,79-102,89-112,317.88804343973686,309.52454219127617,12.809506878445289,-3.3144026687989485,3.1622776601683795,
1135,J4K5succ250_ampGrad,30x,3,6,50,94-117,104-127,308.13473226476924,342.8638236397087,11.694275425418825,2.6705586943887742,3.1622776601683795,
1136,J4K5succ250_ampGrad,30x,3,6,100,109-132,119-142,306.41873626862105,345.8582358786979,9.461108006551456,1.0101426833968503,3.1622776601683795,
1137,J4K5succ250_ampGrad,30x,3,6,150,124-147,134-157,306.8699686913724,333.5087662744033,8.624775742241127,-3.961522520997562,3.1622776601683795,
1138,J4K5succ250_ampGrad,30x,3,6,200,139-162,149-172,309.9475207066504,344.27582367789597,12.332571377444824,4.719962020118658,3.1622776601683795,
1139,J4K5succ250_ampGrad,30x,3,6,250,154-178,164-187,318.95886333536225,351.65546980474755,14.353559285530766,-2.855780263270219,3.1622776601683795,
1140,J4K5succ250_ampGrad,30x,3,6,300,170-193,179-202,310.9496365134123,328.865930100129,13.487243256696447,-4.747101096324855,3.1622776601683795,
1141,J4K5succ250_ampGrad,30x,3,6,350,185-208,194-217,310.32636663787605,331.46133634048834,11.139536557077689,-6.288954843146713,3.1622776601683795,
1142,J4K5succ250_ampGrad,30x,3,6,400,200-223,209-232,317.82911975041725,344.16205065441454,10.478390338682177,-4.106294073172705,3.1622776601683795,
1143,J4K5succ250_ampGrad,30x,3,6,450,215-238,224-247,312.38558679227043,347.37562474082864,11.542242833436944,3.6735779340546064,3.1622776601683795,
1144,J4K5succ250_ampGrad,30x,3,8,-150,34-57,43-67,317.66890039272437,357.2110488917268,7.985174798048774,27.540613610839838,3.1622776601683795,
1145,J4K5succ250_ampGrad,30x,3,8,-100,49-72,59-82,315.4036213788963,335.52224340853667,4.616611517003662,11.884792932149706,3.1622776601683795,
1146,J4K5succ250_ampGrad,30x,3,8,-50,64-87,74-97,316.58982340038517,317.44359261909216,12.134187374983926,8.383685953128634,3.1622776601683795,
1147,J4K5succ250_ampGrad,30x,3,8,0,79-102,89-112,321.8841506210958,308.8345776261238,16.80561405980427,-4.0043672339513705,3.1622776601683795,
1148,J4K5succ250_ampGrad,30x,3,8,50,94-117,104-127,317.68272523485746,347.0862221439873,21.24226839550704,6.892957198667317,3.1622776601683795,
1149,J4K5succ250_ampGrad,30x,3,8,100,109-132,119-142,316.8909461472078,361.2978418396298,19.933317885138194,16.449748644328793,3.1622776601683795,
1150,J4K5succ250_ampGrad,30x,3,8,150,124-147,134-157,315.34137528880433,341.6549979391146,17.096182339673017,4.184709143713803,3.1622776601683795,
1151,J4K5succ250_ampGrad,30x,3,8,200,139-162,149-172,320.48729481290275,348.70499743848495,22.872345483697192,9.149135780707637,3.1622776601683795,
1152,J4K5succ250_ampGrad,30x,3,8,250,154-178,164-187,327.5912569675238,354.30178743277537,22.98595291769237,-0.20946263524245975,3.1622776601683795,
1153,J4K5succ250_ampGrad,30x,3,8,300,170-193,179-202,326.3380189045172,335.81021350841456,28.875625647801318,2.197182311960717,3.1622776601683795,
1154,J4K5succ250_ampGrad,30x,3,8,350,185-208,194-217,321.52008429800725,336.7167810331592,22.33325421720889,-1.03351015047582,3.1622776601683795,
1155,J4K5succ250_ampGrad,30x,3,8,400,200-223,209-232,326.8692292312478,343.95562157565496,19.518499819512726,-4.312723151932232,3.1622776601683795,
1156,J4K5succ250_ampGrad,30x,3,8,450,215-238,224-247,322.70723899006566,350.4810516667511,21.863895031232172,6.779004859977079,3.1622776601683795,
1157,J4K5succ250_ampGrad,30x,3,10,-150,34-57,43-67,308.0300350845405,364.3139841370372,-1.6536905101351067,34.64354885615012,3.1622776601683795,
1158,J4K5succ250_ampGrad,30x,3,10,-100,49-72,59-82,311.4065695311363,344.35965851528505,0.6195596692436993,20.72220803889797,3.1622776601683795,
1159,J4K5succ250_ampGrad,30x,3,10,-50,64-87,74-97,313.1636663688921,320.2515719507378,8.708030343490861,11.191665284774329,3.1622776601683795,
1160,J4K5succ250_ampGrad,30x,3,10,0,79-102,89-112,319.493164897307,311.85637551734004,14.414628336015424,-0.9825693427351324,3.1622776601683795,
1161,J4K5succ250_ampGrad,30x,3,10,50,94-117,104-127,325.42070223426094,350.1176057650203,28.980245394910533,9.924340819700378,3.1622776601683795,
1162,J4K5succ250_ampGrad,30x,3,10,100,109-132,119-142,327.5387714564036,368.5861376342703,30.58114319433395,23.73804443896927,3.1622776601683795,
1163,J4K5succ250_ampGrad,30x,3,10,150,124-147,134-157,319.7507053439725,350.58977892177535,21.50551239484122,13.119490126374615,3.1622776601683795,
1164,J4K5succ250_ampGrad,30x,3,10,200,139-162,149-172,326.15653660728236,357.10221700307443,28.541587278076857,17.546355345297115,3.1622776601683795,
1165,J4K5succ250_ampGrad,30x,3,10,250,154-178,164-187,330.73569686838573,357.3482528468261,26.13039281855424,2.8370027788083116,3.1622776601683795,
1166,J4K5succ250_ampGrad,30x,3,10,300,170-193,179-202,345.8513049217881,335.32213629840624,48.38891166507227,1.7091051019523888,3.1622776601683795,
1167,J4K5succ250_ampGrad,30x,3,10,350,185-208,194-217,335.63923711844467,339.13495040565954,36.45240703764631,1.3846592220245384,3.1622776601683795,
1168,J4K5succ250_ampGrad,30x,3,10,400,200-223,209-232,342.2957671073931,344.6689181620887,34.94503769565796,-3.599426565498561,3.1622776601683795,
1169,J4K5succ250_ampGrad,30x,3,10,450,215-238,224-247,334.8140459190378,351.9447664963987,33.97070196020434,8.242719689624664,3.1622776601683795,
1170,J4K5succ250_ampGrad,100x,1,0,-150,35-58,41-64,304.9352796842675,320.9914213992816,0.0,0.0,10.0,
1171,J4K5succ250_ampGrad,100x,1,0,-100,50-73,56-79,305.0795653587021,320.30860608704916,0.0,0.0,10.0,
1172,J4K5succ250_ampGrad,100x,1,0,-50,65-88,71-94,297.75362350115387,318.147173803244,0.0,0.0,10.0,
1173,J4K5succ250_ampGrad,100x,1,0,0,80-103,86-109,296.5969923511284,322.7113180414504,0.0,0.0,10.0,
1174,J4K5succ250_ampGrad,100x,1,0,50,95-118,101-124,297.017427291115,315.85724779930445,0.0,0.0,10.0,
1175,J4K5succ250_ampGrad,100x,1,0,100,110-133,116-139,305.7317050998665,319.32796255745507,0.0,0.0,10.0,
1176,J4K5succ250_ampGrad,100x,1,0,150,125-148,131-154,309.3025122897256,325.2368185619397,0.0,0.0,10.0,
1177,J4K5succ250_ampGrad,100x,1,0,200,140-163,146-169,307.0562129868336,314.91942950044574,0.0,0.0,10.0,
1178,J4K5succ250_ampGrad,100x,1,0,250,155-178,161-184,300.4638416673377,319.84613344499763,0.0,0.0,10.0,
1179,J4K5succ250_ampGrad,100x,1,0,300,170-193,176-199,296.6163470587411,314.2428679232447,0.0,0.0,10.0,
1180,J4K5succ250_ampGrad,100x,1,0,350,185-209,191-215,298.3180520139825,341.4823588370787,0.0,0.0,10.0,
1181,J4K5succ250_ampGrad,100x,1,0,400,200-224,206-230,304.20070097838493,342.4084041269522,0.0,0.0,10.0,
1182,J4K5succ250_ampGrad,100x,1,0,450,216-239,222-245,305.9567449385668,325.86211728660726,0.0,0.0,10.0,
1183,J4K5succ250_ampGrad,100x,1,2,-150,35-58,41-64,302.723099351469,326.1891626160397,-2.212180332798539,5.197741216758118,10.0,
1184,J4K5succ250_ampGrad,100x,1,2,-100,50-73,56-79,303.81540078863264,323.9345033700336,-1.2641645700695108,3.6258972829844534,10.0,
1185,J4K5succ250_ampGrad,100x,1,2,-50,65-88,71-94,298.81889075739014,320.4395828050938,1.0652672562362682,2.2924090018497623,10.0,
1186,J4K5succ250_ampGrad,100x,1,2,0,80-103,86-109,296.19987735859945,324.27272763714006,-0.39711499252894106,1.5614095956896108,10.0,
1187,J4K5succ250_ampGrad,100x,1,2,50,95-118,101-124,296.52777030199366,316.5560629085943,-0.4896569891212721,0.6988151092898534,10.0,
1188,J4K5succ250_ampGrad,100x,1,2,100,110-133,116-139,305.9452510928734,319.45583711929686,0.21354599300690325,0.12787456184184975,10.0,
1189,J4K5succ250_ampGrad,100x,1,2,150,125-148,131-154,308.6386581182897,326.87130901341067,-0.6638541714359008,1.634490451470981,10.0,
1190,J4K5succ250_ampGrad,100x,1,2,200,140-163,146-169,307.5364039617968,309.26108568221747,0.4801909749631932,-5.658343818228217,10.0,
1191,J4K5succ250_ampGrad,100x,1,2,250,155-178,161-184,300.01166916363024,316.30566329006734,-0.4521725037074589,-3.5404701549302326,10.0,
1192,J4K5succ250_ampGrad,100x,1,2,300,170-193,176-199,296.28245313861737,313.56124508189487,-0.33389392012367125,-0.6816228413497925,10.0,
1193,J4K5succ250_ampGrad,100x,1,2,350,185-209,191-215,298.1152560150876,339.89363195822625,-0.2027959988948851,-1.588726878852469,10.0,
1194,J4K5succ250_ampGrad,100x,1,2,400,200-224,206-230,304.976534600705,339.0368686233296,0.7758336223200786,-3.371535503622568,10.0,
1195,J4K5succ250_ampGrad,100x,1,2,450,216-239,222-245,307.09577068944316,322.92892745439013,1.1390257508762716,-2.9331898322171237,10.0,
1196,J4K5succ250_ampGrad,100x,1,4,-150,35-58,41-64,302.47964319932333,329.54932149125824,-2.4556364849442502,8.557900091976649,10.0,
1197,J4K5succ250_ampGrad,100x,1,4,-100,50-73,56-79,305.66944418261505,327.270945290177,0.5898788239128976,6.96233920312784,10.0,
1198,J4K5succ250_ampGrad,100x,1,4,-50,65-88,71-94,299.94866066339864,323.01962728085533,2.1950371622447733,4.872453477611317,10.0,
1199,J4K5succ250_ampGrad,100x,1,4,0,80-103,86-109,297.81976483370056,326.6460682404282,1.222772482572168,3.934750198977724,10.0,
1200,J4K5succ250_ampGrad,100x,1,4,50,95-118,101-124,298.7078564687335,317.58191655533903,1.690429177618512,1.7246687560345322,10.0,
1201,J4K5succ250_ampGrad,100x,1,4,100,110-133,116-139,307.97998170889286,318.2861495213004,2.248276609026448,-1.0418130361547355,10.0,
1202,J4K5succ250_ampGrad,100x,1,4,150,125-148,131-154,310.59322654065465,325.3130570818436,1.2907142509291134,0.07623851990388175,10.0,
1203,J4K5succ250_ampGrad,100x,1,4,200,140-163,146-169,310.95914487979303,304.91613000765227,3.902931892959373,-10.003299492793474,10.0,
1204,J4K5succ250_ampGrad,100x,1,4,250,155-178,161-184,301.8178834978098,315.6988745953902,1.354041830472113,-4.147258849607397,10.0,
1205,J4K5succ250_ampGrad,100x,1,4,300,170-193,176-199,297.69298966055464,311.3062166373163,1.0766426018134894,-2.9366512859284057,10.0,
1206,J4K5succ250_ampGrad,100x,1,4,350,185-209,191-215,298.11441040720695,333.008226944734,-0.203641606775534,-8.474131892344701,10.0,
1207,J4K5succ250_ampGrad,100x,1,4,400,200-224,206-230,305.40092375804863,336.10723639201734,1.2002227796637044,-6.301167734934893,10.0,
1208,J4K5succ250_ampGrad,100x,1,4,450,216-239,222-245,308.76823451087955,325.66884612373235,2.811489572312724,-0.1932711628748507,10.0,
1209,J4K5succ250_ampGrad,100x,1,6,-150,35-58,41-64,302.0337082137408,331.34065751240337,-2.9015714705267897,10.349236113121776,10.0,
1210,J4K5succ250_ampGrad,100x,1,6,-100,50-73,56-79,307.5538038738705,327.4683678417833,2.474238515168338,7.159761754734178,10.0,
1211,J4K5succ250_ampGrad,100x,1,6,-50,65-88,71-94,300.53075746149347,323.13557864976036,2.777133960339654,4.988404846516404,10.0,
1212,J4K5succ250_ampGrad,100x,1,6,0,80-103,86-109,297.18302925537967,326.7649248708729,0.586036904251273,4.053606829422449,10.0,
1213,J4K5succ250_ampGrad,100x,1,6,50,95-118,101-124,298.1369401647487,319.427422321651,1.1195128736337097,3.5701745223465764,10.0,
1214,J4K5succ250_ampGrad,100x,1,6,100,110-133,116-139,307.69045568958563,324.2499183333268,1.9587505897191024,4.921955775871709,10.0,
1215,J4K5succ250_ampGrad,100x,1,6,150,125-148,131-154,311.4835333616498,327.24523582028684,2.181021071924249,2.008417258347152,10.0,
1216,J4K5succ250_ampGrad,100x,1,6,200,140-163,146-169,310.0376443860822,305.6083771292209,2.9814313992486063,-9.311052371224832,10.0,
1217,J4K5succ250_ampGrad,100x,1,6,250,155-178,161-184,300.93430764096166,315.883309023936,0.470465973624016,-3.962824421061612,10.0,
1218,J4K5succ250_ampGrad,100x,1,6,300,170-193,176-199,297.14251892963614,312.7538546797066,0.5261718708950411,-1.4890132435381247,10.0,
1219,J4K5succ250_ampGrad,100x,1,6,350,185-209,191-215,297.8031442152642,333.7511416380086,-0.5149077987182977,-7.731217199070102,10.0,
1220,J4K5succ250_ampGrad,100x,1,6,400,200-224,206-230,305.3356786519315,337.9913332495747,1.1349776735465866,-4.417070877377512,10.0,
1221,J4K5succ250_ampGrad,100x,1,6,450,216-239,222-245,308.8897997831674,327.84967098463886,2.9330548446006333,1.9875536980316608,10.0,
1222,J4K5succ250_ampGrad,100x,1,8,-150,35-58,41-64,303.6082923552732,332.44230791010153,-1.3269873289943916,11.450886510819943,10.0,
1223,J4K5succ250_ampGrad,100x,1,8,-100,50-73,56-79,306.51951071655986,327.15533740942965,1.4399453578577663,6.846731322380493,10.0,
1224,J4K5succ250_ampGrad,100x,1,8,-50,65-88,71-94,302.5545149457083,324.8594188928737,4.800891444554452,6.712245089629676,10.0,
1225,J4K5succ250_ampGrad,100x,1,8,0,80-103,86-109,297.86023940298975,327.46798123349214,1.263247051861356,4.756663192041684,10.0,
1226,J4K5succ250_ampGrad,100x,1,8,50,95-118,101-124,299.35701374876,321.9909471187815,2.339586457644998,6.133699319477046,10.0,
1227,J4K5succ250_ampGrad,100x,1,8,100,110-133,116-139,309.62625694660284,326.60974283356813,3.89455184673642,7.281780276113068,10.0,
1228,J4K5succ250_ampGrad,100x,1,8,150,125-148,131-154,313.78656860239136,328.499951145601,4.484056312665814,3.2631325836613314,10.0,
1229,J4K5succ250_ampGrad,100x,1,8,200,140-163,146-169,311.60818864354314,302.9254800278085,4.551975656709487,-11.993949472637267,10.0,
1230,J4K5succ250_ampGrad,100x,1,8,250,155-178,161-184,301.5836984664687,316.54775613199837,1.1198567991310142,-3.2983773129991505,10.0,
1231,J4K5succ250_ampGrad,100x,1,8,300,170-193,176-199,296.74276980078065,313.50795186782346,0.12642274203960824,-0.7349160554211949,10.0,
1232,J4K5succ250_ampGrad,100x,1,8,350,185-209,191-215,298.83249137467595,331.44269033200663,0.5144393606934727,-10.039668505072145,10.0,
1233,J4K5succ250_ampGrad,100x,1,8,400,200-224,206-230,306.925149081749,339.2305529347662,2.724448103364068,-3.177851192185983,10.0,
1234,J4K5succ250_ampGrad,100x,1,8,450,216-239,222-245,310.71735342079336,329.6425142849525,4.76060848222653,3.7803969983452816,10.0,
1235,J4K5succ250_ampGrad,100x,1,10,-150,35-58,41-64,304.08640576415735,334.6655564889395,-0.8488739201101225,13.67413508965791,10.0,
1236,J4K5succ250_ampGrad,100x,1,10,-100,50-73,56-79,302.2451620154298,329.21988126039037,-2.8344033432722995,8.911275173341267,10.0,
1237,J4K5succ250_ampGrad,100x,1,10,-50,65-88,71-94,301.7838490658121,325.473409230709,4.030225564658282,7.326235427465007,10.0,
1238,J4K5succ250_ampGrad,100x,1,10,0,80-103,86-109,298.6479631245357,331.26212403179284,2.0509707734073004,8.550805990342383,10.0,
1239,J4K5succ250_ampGrad,100x,1,10,50,95-118,101-124,299.2890485735936,323.8450206897596,2.2716212824785766,7.98777289045512,10.0,
1240,J4K5succ250_ampGrad,100x,1,10,100,110-133,116-139,308.9876674216998,328.3160231616731,3.2559623218333518,8.988060604218049,10.0,
1241,J4K5succ250_ampGrad,100x,1,10,150,125-148,131-154,314.2284229560183,329.6038821778951,4.92591066629268,4.367063615955431,10.0,
1242,J4K5succ250_ampGrad,100x,1,10,200,140-163,146-169,309.35178706091153,304.3476672752251,2.2955740740779333,-10.571762225220711,10.0,
1243,J4K5succ250_ampGrad,100x,1,10,250,155-178,161-184,300.21613384887286,318.4612856778738,-0.2477078184647894,-1.3848477671238015,10.0,
1244,J4K5succ250_ampGrad,100x,1,10,300,170-193,176-199,294.75382022157373,313.5878032782262,-1.8625268371673656,-0.6550646450185127,10.0,
1245,J4K5succ250_ampGrad,100x,1,10,350,185-209,191-215,297.1716405618667,332.5053049736901,-1.146411452115785,-8.977053863388619,10.0,
1246,J4K5succ250_ampGrad,100x,1,10,400,200-224,206-230,305.3921125234632,343.0388119598456,1.1914115450782674,0.6304078328933542,10.0,
1247,J4K5succ250_ampGrad,100x,1,10,450,216-239,222-245,312.12751606658037,330.4491065170078,6.17077112801354,4.5869892304006035,10.0,
1248,J4K5succ250_ampGrad,100x,2,0,-150,43-66,40-64,334.0284541870252,348.98204294951864,0.0,0.0,10.0,
1249,J4K5succ250_ampGrad,100x,2,0,-100,58-81,55-79,327.03849402284646,336.6647339170315,0.0,0.0,10.0,
1250,J4K5succ250_ampGrad,100x,2,0,-50,73-96,71-94,332.4601876934546,338.3563163155915,0.0,0.0,10.0,
1251,J4K5succ250_ampGrad,100x,2,0,0,88-111,86-109,335.0674904673256,324.9502715716452,0.0,0.0,10.0,
1252,J4K5succ250_ampGrad,100x,2,0,50,103-126,101-124,323.81831325848185,308.90840008654135,0.0,0.0,10.0,
1253,J4K5succ250_ampGrad,100x,2,0,100,118-141,116-139,328.9735735155497,309.7380402641757,0.0,0.0,10.0,
1254,J4K5succ250_ampGrad,100x,2,0,150,133-156,131-154,329.1216808625263,308.0666469313465,0.0,0.0,10.0,
1255,J4K5succ250_ampGrad,100x,2,0,200,148-171,146-169,328.40271893136907,321.3876088643127,0.0,0.0,10.0,
1256,J4K5succ250_ampGrad,100x,2,0,250,163-186,161-184,335.1712858444361,318.6736679700932,0.0,0.0,10.0,
1257,J4K5succ250_ampGrad,100x,2,0,300,178-202,176-199,333.72423763412314,314.57858915480864,0.0,0.0,10.0,
1258,J4K5succ250_ampGrad,100x,2,0,350,193-217,191-214,332.9047960665359,311.09494662970656,0.0,0.0,10.0,
1259,J4K5succ250_ampGrad,100x,2,0,400,209-232,206-229,327.0148662232234,327.2409945315677,0.0,0.0,10.0,
1260,J4K5succ250_ampGrad,100x,2,0,450,224-247,221-244,315.75518162019335,330.1634675717205,0.0,0.0,10.0,
1261,J4K5succ250_ampGrad,100x,2,2,-150,43-66,40-64,333.9214938056585,350.68500567495903,-0.10696038136666176,1.7029627254403297,10.0,
1262,J4K5succ250_ampGrad,100x,2,2,-100,58-81,55-79,327.2634982585241,339.0215178225976,0.22500423567765893,2.3567839055660333,10.0,
1263,J4K5succ250_ampGrad,100x,2,2,-50,73-96,71-94,334.13018121953235,339.93244144802213,1.6699935260777463,1.5761251324305476,10.0,
1264,J4K5succ250_ampGrad,100x,2,2,0,88-111,86-109,335.47841659247814,326.378232896366,0.410926125152514,1.4279613247208545,10.0,
1265,J4K5succ250_ampGrad,100x,2,2,50,103-126,101-124,324.1040162730833,308.5396518448729,0.2857030146015518,-0.3687482416684702,10.0,
1266,J4K5succ250_ampGrad,100x,2,2,100,118-141,116-139,328.0795083420953,305.8135967742029,-0.8940651734543508,-3.924443489972816,10.0,
1267,J4K5succ250_ampGrad,100x,2,2,150,133-156,131-154,327.9224956099917,305.00797676969637,-1.1991852525346192,-3.0586701616501277,10.0,
1268,J4K5succ250_ampGrad,100x,2,2,200,148-171,146-169,328.81670241310013,320.5596951558105,0.4139834817310089,-0.8279137085022512,10.0,
1269,J4K5succ250_ampGrad,100x,2,2,250,163-186,161-184,334.780446854082,317.49566858171573,-0.39083899035409786,-1.1779993883774296,10.0,
1270,J4K5succ250_ampGrad,100x,2,2,300,178-202,176-199,333.992800663146,314.18741129332216,0.2685630290229142,-0.3911778614864829,10.0,
1271,J4K5succ250_ampGrad,100x,2,2,350,193-217,191-214,332.4628895680148,309.6912397755017,-0.4419064985211208,-1.40370685420487,10.0,
1272,J4K5succ250_ampGrad,100x,2,2,400,209-232,206-229,325.33562937598833,325.2820565445512,-1.6792368472351882,-1.9589379870164976,10.0,
1273,J4K5succ250_ampGrad,100x,2,2,450,224-247,221-244,315.80621542439127,329.6686815510293,0.05103380419785708,-0.4947860206911514,10.0,
1274,J4K5succ250_ampGrad,100x,2,4,-150,43-66,40-64,337.2839088835962,347.29675352294623,3.255454696571064,-1.6852894265724103,10.0,
1275,J4K5succ250_ampGrad,100x,2,4,-100,58-81,55-79,329.4401063848285,335.9304198825302,2.4016123619820178,-0.7343140345013239,10.0,
1276,J4K5succ250_ampGrad,100x,2,4,-50,73-96,71-94,336.9470812304445,337.3622848314045,4.48689353698984,-0.994031484187019,10.0,
1277,J4K5succ250_ampGrad,100x,2,4,0,88-111,86-109,336.9736894813754,322.3944899241528,1.9061990140498324,-2.5557816474923243,10.0,
1278,J4K5succ250_ampGrad,100x,2,4,50,103-126,101-124,326.5361417872706,305.238849579086,2.717828528788857,-3.66955050745537,10.0,
1279,J4K5succ250_ampGrad,100x,2,4,100,118-141,116-139,330.6126445307443,298.6044478217225,1.6390710151946448,-11.133592442453219,10.0,
1280,J4K5succ250_ampGrad,100x,2,4,150,133-156,131-154,330.14345966254075,300.3013457164696,1.0217788000144308,-7.765301214876955,10.0,
1281,J4K5succ250_ampGrad,100x,2,4,200,148-171,146-169,329.8901289058292,318.9455195465963,1.4874099744601494,-2.4420893177164094,10.0,
1282,J4K5succ250_ampGrad,100x,2,4,250,163-186,161-184,336.56337438844236,318.0410053139123,1.3920885440062418,-0.6326626561808553,10.0,
1283,J4K5succ250_ampGrad,100x,2,4,300,178-202,176-199,334.7702721931034,311.8705757447663,1.0460345589802955,-2.7080134100422697,10.0,
1284,J4K5succ250_ampGrad,100x,2,4,350,193-217,191-214,332.63157147651737,303.25166528587397,-0.27322459001851485,-7.84328134383253,10.0,
1285,J4K5succ250_ampGrad,100x,2,4,400,209-232,206-229,325.6883238917817,322.99115871748904,-1.3265423314417717,-4.249835814078665,10.0,
1286,J4K5succ250_ampGrad,100x,2,4,450,224-247,221-244,316.53428780101916,324.1077111537739,0.7791061808258064,-6.055756417946611,10.0,
1287,J4K5succ250_ampGrad,100x,2,6,-150,43-66,40-64,337.44255469447114,344.22181767646265,3.4141005074459367,-4.760225273056051,10.0,
1288,J4K5succ250_ampGrad,100x,2,6,-100,58-81,55-79,329.3636943981196,334.73014694552717,2.325200375273141,-1.9345869715043593,10.0,
1289,J4K5succ250_ampGrad,100x,2,6,-50,73-96,71-94,337.31350101553954,336.32437787475243,4.853313322084887,-2.031938440839099,10.0,
1290,J4K5succ250_ampGrad,100x,2,6,0,88-111,86-109,335.1303009096174,325.356641998161,0.06281044229189092,0.4063704265158776,10.0,
1291,J4K5succ250_ampGrad,100x,2,6,50,103-126,101-124,326.63798363450815,308.35024660547873,2.819670376026295,-0.5581534810626181,10.0,
1292,J4K5succ250_ampGrad,100x,2,6,100,118-141,116-139,330.666229316982,297.96987473058493,1.6926558014323518,-11.768165533590775,10.0,
1293,J4K5succ250_ampGrad,100x,2,6,150,133-156,131-154,330.2487387654661,299.7962929642847,1.1270579029397825,-8.270353967061851,10.0,
1294,J4K5succ250_ampGrad,100x,2,6,200,148-171,146-169,326.31396422783905,319.13906434260025,-2.0887547035300145,-2.2485445217124607,10.0,
1295,J4K5succ250_ampGrad,100x,2,6,250,163-186,161-184,335.69407608950905,315.2674320790046,0.5227902450729403,-3.4062358910885564,10.0,
1296,J4K5succ250_ampGrad,100x,2,6,300,178-202,176-199,333.60224747591275,312.73767577759537,-0.12199015821033755,-1.840913377213212,10.0,
1297,J4K5succ250_ampGrad,100x,2,6,350,193-217,191-214,332.74255876940487,307.402912832438,-0.1622372971310142,-3.6920337972685497,10.0,
1298,J4K5succ250_ampGrad,100x,2,6,400,209-232,206-229,327.02934477098273,326.2026996873128,0.014478547759267713,-1.0382948442549491,10.0,
1299,J4K5succ250_ampGrad,100x,2,6,450,224-247,221-244,317.5630232849249,327.771717468792,1.807841664731484,-2.391750102928484,10.0,
1300,J4K5succ250_ampGrad,100x,2,8,-150,43-66,40-64,344.8516657855533,344.46932207931627,10.82321159852819,-4.512720870202372,10.0,
1301,J4K5succ250_ampGrad,100x,2,8,-100,58-81,55-79,332.006809575702,335.4936179020392,4.968315552855529,-1.1711160149923217,10.0,
1302,J4K5succ250_ampGrad,100x,2,8,-50,73-96,71-94,342.9893700712921,334.4603322144202,10.529182377837456,-3.895984101171337,10.0,
1303,J4K5succ250_ampGrad,100x,2,8,0,88-111,86-109,338.7190204003705,322.8527621014365,3.651529933044969,-2.0975094702086494,10.0,
1304,J4K5succ250_ampGrad,100x,2,8,50,103-126,101-124,331.2695244225712,310.63655286690505,7.451211164089386,1.7281527803637005,10.0,
1305,J4K5succ250_ampGrad,100x,2,8,100,118-141,116-139,333.78094864808656,294.59996405946487,4.80737513253689,-15.138076204710787,10.0,
1306,J4K5succ250_ampGrad,100x,2,8,150,133-156,131-154,332.0526163345594,297.39195813093016,2.9309354720330703,-10.674688800416334,10.0,
1307,J4K5succ250_ampGrad,100x,2,8,200,148-171,146-169,324.31999641897875,319.14648877019675,-4.082722512390319,-2.2411200941159564,10.0,
1308,J4K5succ250_ampGrad,100x,2,8,250,163-186,161-184,335.85664982409537,318.986879864851,0.6853639796592574,0.31321189475784195,10.0,
1309,J4K5succ250_ampGrad,100x,2,8,300,178-202,176-199,334.3623226856484,313.7685156693235,0.6380850515253087,-0.8100734854850771,10.0,
1310,J4K5succ250_ampGrad,100x,2,8,350,193-217,191-214,333.5960137535159,306.8407495489463,0.6912176869799964,-4.254197080760321,10.0,
1311,J4K5succ250_ampGrad,100x,2,8,400,209-232,206-229,329.8561288482129,326.7269729490214,2.841262624989497,-0.5140215825463201,10.0,
1312,J4K5succ250_ampGrad,100x,2,8,450,224-247,221-244,321.11513518397715,326.01680173684457,5.359953563783677,-4.1466658348759315,10.0,
1313,J4K5succ250_ampGrad,100x,2,10,-150,43-66,40-64,354.5238808827334,345.4705530236264,20.49542669570826,-3.511489925892306,10.0,
1314,J4K5succ250_ampGrad,100x,2,10,-100,58-81,55-79,335.58424195110325,336.03733486083263,8.545747928256787,-0.6273990561989535,10.0,
1315,J4K5succ250_ampGrad,100x,2,10,-50,73-96,71-94,345.21992948996734,335.2437407296414,12.759741796512628,-3.11257558595014,10.0,
1316,J4K5succ250_ampGrad,100x,2,10,0,88-111,86-109,338.98066717439656,323.89054047806684,3.913176707070989,-1.059731093578364,10.0,
1317,J4K5succ250_ampGrad,100x,2,10,50,103-126,101-124,334.47824390676936,310.45622528602934,10.659930648287627,1.5478251994879315,10.0,
1318,J4K5succ250_ampGrad,100x,2,10,100,118-141,116-139,333.88740844907807,295.1354057263422,4.913834933528392,-14.602634537833525,10.0,
1319,J4K5succ250_ampGrad,100x,2,10,150,133-156,131-154,332.25491256511486,298.4855561642009,3.1332317025885463,-9.581090767145668,10.0,
1320,J4K5succ250_ampGrad,100x,2,10,200,148-171,146-169,319.20180576641536,321.3695779921654,-9.200913164953702,-0.01803087214733523,10.0,
1321,J4K5succ250_ampGrad,100x,2,10,250,163-186,161-184,336.1431193841677,321.6298243976722,0.9718335397315628,2.9561564275790038,10.0,
1322,J4K5succ250_ampGrad,100x,2,10,300,178-202,176-199,335.06395327880887,318.2667294357607,1.339715644685782,3.6881402809520982,10.0,
1323,J4K5succ250_ampGrad,100x,2,10,350,193-217,191-214,334.08538459364826,309.2965299934524,1.180588527112377,-1.7984166362542169,10.0,
1324,J4K5succ250_ampGrad,100x,2,10,400,209-232,206-229,333.1004061521979,326.39223182898183,6.085539928974413,-0.8487627025858728,10.0,
1325,J4K5succ250_ampGrad,100x,2,10,450,224-247,221-244,327.48641073249325,328.07541788660217,11.731229112299845,-2.0880496851183348,10.0,
1326,J4K5succ250_ampGrad,100x,3,0,-150,32-55,49-72,299.90634094096225,351.691621032778,0.0,0.0,10.0,
1327,J4K5succ250_ampGrad,100x,3,0,-100,47-70,64-87,306.4700979701769,347.0260958405582,0.0,0.0,10.0,
1328,J4K5succ250_ampGrad,100x,3,0,-50,62-85,79-103,295.28990005244106,341.6177588865652,0.0,0.0,10.0,
1329,J4K5succ250_ampGrad,100x,3,0,0,77-100,95-118,297.61814463111136,326.1169752487185,0.0,0.0,10.0,
1330,J4K5succ250_ampGrad,100x,3,0,50,92-115,110-133,299.4360079833244,343.27060287818637,0.0,0.0,10.0,
1331,J4K5succ250_ampGrad,100x,3,0,100,107-130,125-148,298.38993391734823,336.27148784400384,0.0,0.0,10.0,
1332,J4K5succ250_ampGrad,100x,3,0,150,122-145,140-163,287.6181608864654,341.93516040172256,0.0,0.0,10.0,
1333,J4K5succ250_ampGrad,100x,3,0,200,137-160,155-178,287.9871517823003,362.69664343616404,0.0,0.0,10.0,
1334,J4K5succ250_ampGrad,100x,3,0,250,152-175,170-193,291.5217745487413,371.3000602290406,0.0,0.0,10.0,
1335,J4K5succ250_ampGrad,100x,3,0,300,167-190,185-208,294.99997408739466,360.61023066244974,0.0,0.0,10.0,
1336,J4K5succ250_ampGrad,100x,3,0,350,182-205,200-223,292.73951290011865,359.5484969055332,0.0,0.0,10.0,
1337,J4K5succ250_ampGrad,100x,3,0,400,197-220,215-238,292.01307518913944,373.2776699185881,0.0,0.0,10.0,
1338,J4K5succ250_ampGrad,100x,3,0,450,212-236,230-253,293.25600440496083,359.4702294928462,0.0,0.0,10.0,
1339,J4K5succ250_ampGrad,100x,3,2,-150,32-55,49-72,299.2203819856851,353.32321808707275,-0.6859589552771581,1.6315970542947866,10.0,
1340,J4K5succ250_ampGrad,100x,3,2,-100,47-70,64-87,306.50115967257165,348.2158050879037,0.03106170239470885,1.1897092473454904,10.0,
1341,J4K5succ250_ampGrad,100x,3,2,-50,62-85,79-103,296.97773017476237,343.95093089361234,1.6878301223213157,2.3331720070471533,10.0,
1342,J4K5succ250_ampGrad,100x,3,2,0,77-100,95-118,298.69540333695113,328.1475833524548,1.077258705839654,2.0306081037363697,10.0,
1343,J4K5succ250_ampGrad,100x,3,2,50,92-115,110-133,302.06051129929193,343.0170579096926,2.6245033159675586,-0.25354496849371344,10.0,
1344,J4K5succ250_ampGrad,100x,3,2,100,107-130,125-148,301.3541767401337,335.7886228936473,2.96424282278548,-0.4828649503565998,10.0,
1345,J4K5succ250_ampGrad,100x,3,2,150,122-145,140-163,288.50651591833116,342.7880177708663,0.8883550318657853,0.8528573691437487,10.0,
1346,J4K5succ250_ampGrad,100x,3,2,200,137-160,155-178,289.05459623261436,364.0473743843296,1.0674444503140992,1.3507309481656191,10.0,
1347,J4K5succ250_ampGrad,100x,3,2,250,152-175,170-193,291.91008927558283,368.8019829896952,0.3883147268415996,-2.4980772393454345,10.0,
1348,J4K5succ250_ampGrad,100x,3,2,300,167-190,185-208,295.33058366451047,362.62423134863184,0.3306095771158084,2.0140006861821007,10.0,
1349,J4K5succ250_ampGrad,100x,3,2,350,182-205,200-223,293.1983143147419,360.2354752772596,0.4588014146231672,0.6869783717264113,10.0,
1350,J4K5succ250_ampGrad,100x,3,2,400,197-220,215-238,293.8188719870047,371.77313779620994,1.8057967978652412,-1.5045321223781798,10.0,
1351,J4K5succ250_ampGrad,100x,3,2,450,212-236,230-253,294.86988264069373,354.371956762723,1.6138782357328978,-5.098272730123141,10.0,
1352,J4K5succ250_ampGrad,100x,3,4,-150,32-55,49-72,298.28885218609736,350.7858927416883,-1.6174887548648942,-0.9057282910896448,10.0,
1353,J4K5succ250_ampGrad,100x,3,4,-100,47-70,64-87,305.65865832449214,347.14822705712197,-0.8114396456847999,0.12213121656378688,10.0,
1354,J4K5succ250_ampGrad,100x,3,4,-50,62-85,79-103,297.7861581423478,343.3764043393521,2.496258089906746,1.7586454527869364,10.0,
1355,J4K5succ250_ampGrad,100x,3,4,0,77-100,95-118,298.4611645927293,324.54474092726275,0.8430199616178129,-1.57223432145571,10.0,
1356,J4K5succ250_ampGrad,100x,3,4,50,92-115,110-133,300.43155555910096,337.654463261754,0.995547575776584,-5.616139616432348,10.0,
1357,J4K5succ250_ampGrad,100x,3,4,100,107-130,125-148,299.3431987727762,326.0231124069775,0.9532648554279604,-10.248375437026425,10.0,
1358,J4K5succ250_ampGrad,100x,3,4,150,122-145,140-163,286.0162127433712,333.6985179934489,-1.6019481430942049,-8.236642408273669,10.0,
1359,J4K5succ250_ampGrad,100x,3,4,200,137-160,155-178,286.96027122113895,356.55657499999194,-1.026880561161363,-6.140068436172045,10.0,
1360,J4K5succ250_ampGrad,100x,3,4,250,152-175,170-193,290.28488306386316,362.9424461758621,-1.2368914848780148,-8.357614053178452,10.0,
1361,J4K5succ250_ampGrad,100x,3,4,300,167-190,185-208,293.37750457698417,357.49506393936144,-1.6224695104106104,-3.1151667230882367,10.0,
1362,J4K5succ250_ampGrad,100x,3,4,350,182-205,200-223,291.14516684389787,355.8174882187269,-1.594346056220786,-3.73100868680632,10.0,
1363,J4K5succ250_ampGrad,100x,3,4,400,197-220,215-238,291.04588805183954,366.9081065560052,-0.967187137299902,-6.369563362582937,10.0,
1364,J4K5succ250_ampGrad,100x,3,4,450,212-236,230-253,293.1934514363752,351.32927483536673,-0.06255296858563497,-8.140954657479426,10.0,
1365,J4K5succ250_ampGrad,100x,3,6,-150,32-55,49-72,299.4270511857334,348.11666116039254,-0.4792897552288764,-3.574959872385421,10.0,
1366,J4K5succ250_ampGrad,100x,3,6,-100,47-70,64-87,307.04259929860365,341.5031764566927,0.5725013284267675,-5.522919383865485,10.0,
1367,J4K5succ250_ampGrad,100x,3,6,-50,62-85,79-103,301.93447473954615,337.4115702865774,6.644574687105092,-4.206188599987797,10.0,
1368,J4K5succ250_ampGrad,100x,3,6,0,77-100,95-118,297.8520464605736,322.1768107643898,0.2339018294621269,-3.940164484328648,10.0,
1369,J4K5succ250_ampGrad,100x,3,6,50,92-115,110-133,299.2031627694722,339.3180184718702,-0.2328452138521584,-3.9525844063161912,10.0,
1370,J4K5succ250_ampGrad,100x,3,6,100,107-130,125-148,297.99428142318993,328.54946425760346,-0.3956524941582984,-7.7220235864004385,10.0,
1371,J4K5succ250_ampGrad,100x,3,6,150,122-145,140-163,285.5306486464998,336.14050119498563,-2.087512239965577,-5.794659206736924,10.0,
1372,J4K5succ250_ampGrad,100x,3,6,200,137-160,155-178,287.22032558264715,360.14152167461,-0.76682619965311,-2.5551217615540054,10.0,
1373,J4K5succ250_ampGrad,100x,3,6,250,152-175,170-193,288.88365900278717,368.1086661468225,-2.638115545954008,-3.191394082218096,10.0,
1374,J4K5succ250_ampGrad,100x,3,6,300,167-190,185-208,292.2228288361283,357.3346332733872,-2.7771452512664045,-3.2755973890624546,10.0,
1375,J4K5succ250_ampGrad,100x,3,6,350,182-205,200-223,291.3663063096008,353.3008416645752,-1.3732065905179525,-6.247655240958011,10.0,
1376,J4K5succ250_ampGrad,100x,3,6,400,197-220,215-238,290.37817088139764,371.59696051911607,-1.634904307741806,-1.6807093994720503,10.0,
1377,J4K5succ250_ampGrad,100x,3,6,450,212-236,230-253,293.13467923728973,354.37981138220186,-0.12132516767110245,-5.090418110644349,10.0,
1378,J4K5succ250_ampGrad,100x,3,8,-150,32-55,49-72,298.6616371832597,350.3165809263816,-1.2447037577025526,-1.3750401063963975,10.0,
1379,J4K5succ250_ampGrad,100x,3,8,-100,47-70,64-87,309.06292325315286,341.21733835653754,2.59282528297598,-5.808757484020702,10.0,
1380,J4K5succ250_ampGrad,100x,3,8,-50,62-85,79-103,302.5750851654237,338.4620553595811,7.285185112982617,-3.1557035269841545,10.0,
1381,J4K5succ250_ampGrad,100x,3,8,0,77-100,95-118,298.08530512121,323.3834069033616,0.4671604900985926,-2.7335683453569004,10.0,
1382,J4K5succ250_ampGrad,100x,3,8,50,92-115,110-133,300.28085854349916,341.1007397598554,0.8448505601747911,-2.1698631183309094,10.0,
1383,J4K5succ250_ampGrad,100x,3,8,100,107-130,125-148,298.15794713687745,323.51557962928257,-0.2319867804707769,-12.755908214721329,10.0,
1384,J4K5succ250_ampGrad,100x,3,8,150,122-145,140-163,283.6330369597158,334.3444218225285,-3.9851239267495657,-7.590738579194009,10.0,
1385,J4K5succ250_ampGrad,100x,3,8,200,137-160,155-178,287.29405143444166,356.1311001870005,-0.6931003478587172,-6.565543249163453,10.0,
1386,J4K5succ250_ampGrad,100x,3,8,250,152-175,170-193,289.3491087969332,367.38980259910363,-2.17266575180804,-3.9102576299370067,10.0,
1387,J4K5succ250_ampGrad,100x,3,8,300,167-190,185-208,291.4874356521663,356.3647462950612,-3.5125384352284077,-4.245484367388485,10.0,
1388,J4K5succ250_ampGrad,100x,3,8,350,182-205,200-223,291.4180275148215,355.2248619445212,-1.3214853852971942,-4.323634961012033,10.0,
1389,J4K5succ250_ampGrad,100x,3,8,400,197-220,215-238,291.2314167577562,373.56379854649015,-0.7816584313832209,0.2861286279020305,10.0,
1390,J4K5succ250_ampGrad,100x,3,8,450,212-236,230-253,292.8979140655643,352.18294358508797,-0.35809033939654,-7.287285907758132,10.0,
1391,J4K5succ250_ampGrad,100x,3,10,-150,32-55,49-72,303.35729839434435,349.06633245968715,3.4509574533821588,-2.62528857309087,10.0,
1392,J4K5succ250_ampGrad,100x,3,10,-100,47-70,64-87,312.2995096524764,340.7695942898172,5.829411682299451,-6.2565015507410076,10.0,
1393,J4K5succ250_ampGrad,100x,3,10,-50,62-85,79-103,312.3091031041972,338.2970410098991,17.019203051756108,-3.320717876666152,10.0,
1394,J4K5succ250_ampGrad,100x,3,10,0,77-100,95-118,303.1739594540216,324.573060556909,5.555814822910179,-1.5439146918094484,10.0,
1395,J4K5succ250_ampGrad,100x,3,10,50,92-115,110-133,302.75603095772203,341.5854695260069,3.3200229743976024,-1.6851333521794911,10.0,
1396,J4K5succ250_ampGrad,100x,3,10,100,107-130,125-148,300.8678178934273,324.8441564120111,2.4778839760791134,-11.427331431992798,10.0,
1397,J4K5succ250_ampGrad,100x,3,10,150,122-145,140-163,283.23342823103644,332.2073131844623,-4.384732655428934,-9.727847217260262,10.0,
1398,J4K5succ250_ampGrad,100x,3,10,200,137-160,155-178,290.96289711298624,360.49924537266264,2.9757453306859247,-2.197398063501396,10.0,
1399,J4K5succ250_ampGrad,100x,3,10,250,152-175,170-193,292.10910715174634,368.517883052901,0.5873326030050521,-2.7821771761395557,10.0,
1400,J4K5succ250_ampGrad,100x,3,10,300,167-190,185-208,292.20148834657965,355.7771181777945,-2.798485740815124,-4.833112484655147,10.0,
1401,J4K5succ250_ampGrad,100x,3,10,350,182-205,200-223,290.4127885930717,357.00006556934096,-2.326724307047016,-2.548431336192266,10.0,
1402,J4K5succ250_ampGrad,100x,3,10,400,197-220,215-238,290.69271310699304,378.0172226934184,-1.3203620821464028,4.739552774830145,10.0,
1403,J4K5succ250_ampGrad,100x,3,10,450,212-236,230-253,295.8635347330544,348.67989377784124,2.6075303280935027,-10.790335715004916,10.0,
0,simulation,0x,1,0,-150,2-7,2-7,212.4999992956086,212.4999992956086,0.0,0.0,0.0,
1,simulation,0x,1,0,-100,6-11,6-11,212.4999992956086,212.4999992956086,0.0,0.0,0.0,
2,simulation,0x,1,0,-50,10-15,10-15,212.4999992956086,212.4999992956086,0.0,0.0,0.0,
3,simulation,0x,1,0,0,13-19,13-19,212.50000071335432,212.50000071335432,0.0,0.0,0.0,
4,simulation,0x,1,0,50,17-22,17-22,212.4999992956086,212.4999992956086,0.0,0.0,0.0,
5,simulation,0x,1,0,100,21-26,21-26,212.4999992956086,212.4999992956086,0.0,0.0,0.0,
6,simulation,0x,1,0,150,25-30,25-30,212.4999992956086,212.4999992956086,0.0,0.0,0.0,
7,simulation,0x,1,0,200,29-34,29-34,212.4999992956086,212.4999992956086,0.0,0.0,0.0,
8,simulation,0x,1,0,250,32-37,32-37,212.4999992956086,212.4999992956086,0.0,0.0,0.0,
9,simulation,0x,1,0,300,36-41,36-41,212.4999992956086,212.4999992956086,0.0,0.0,0.0,
10,simulation,0x,1,0,350,40-45,40-45,212.4999992956086,212.4999992956086,0.0,0.0,0.0,
11,simulation,0x,1,0,400,44-49,44-49,212.4999992956086,212.4999992956086,0.0,0.0,0.0,
12,simulation,0x,1,0,450,47-52,47-52,212.4999992956086,212.4999992956086,0.0,0.0,0.0,
13,simulation,0x,1,2,-150,2-7,2-7,215.67437286375323,215.67437286375323,3.174373568144631,3.174373568144631,0.0,
14,simulation,0x,1,2,-100,6-11,6-11,215.69060532531165,215.69060532531165,3.190606029703048,3.190606029703048,0.0,
15,simulation,0x,1,2,-50,10-15,10-15,215.78517214774485,215.78517214774485,3.2851728521362418,3.2851728521362418,0.0,
16,simulation,0x,1,2,0,13-19,13-19,215.98911432421139,215.98911432421139,3.4891136108570606,3.4891136108570606,0.0,
17,simulation,0x,1,2,50,17-22,17-22,216.21765412960787,216.21765412960787,3.717654833999262,3.717654833999262,0.0,
18,simulation,0x,1,2,100,21-26,21-26,216.3630637299469,216.3630637299469,3.8630644343382983,3.8630644343382983,0.0,
19,simulation,0x,1,2,150,25-30,25-30,216.39752008647793,216.39752008647793,3.897520790869322,3.897520790869322,0.0,
20,simulation,0x,1,2,200,29-34,29-34,216.4012244242461,216.4012244242461,3.901225128637492,3.901225128637492,0.0,
21,simulation,0x,1,2,250,32-37,32-37,216.4013767289138,216.4013767289138,3.9013774333051856,3.9013774333051856,0.0,
22,simulation,0x,1,2,300,36-41,36-41,216.4013696146101,216.4013696146101,3.9013703190015008,3.9013703190015008,0.0,
23,simulation,0x,1,2,350,40-45,40-45,216.40137116472783,216.40137116472783,3.901371869119231,3.901371869119231,0.0,
24,simulation,0x,1,2,400,44-49,44-49,216.4013712851997,216.4013712851997,3.901371989591098,3.901371989591098,0.0,
25,simulation,0x,1,2,450,47-52,47-52,216.4013712851997,216.4013712851997,3.901371989591098,3.901371989591098,0.0,
26,simulation,0x,1,4,-150,2-7,2-7,219.74366594082895,219.74366594082895,7.243666645220344,7.243666645220344,0.0,
27,simulation,0x,1,4,-100,6-11,6-11,219.91366442665708,219.91366442665708,7.413665131048475,7.413665131048475,0.0,
28,simulation,0x,1,4,-50,10-15,10-15,220.43427866503865,220.43427866503865,7.934279369430044,7.934279369430044,0.0,
29,simulation,0x,1,4,0,13-19,13-19,221.25826940659093,221.25826940659093,8.758268693236602,8.758268693236602,0.0,
30,simulation,0x,1,4,50,17-22,17-22,222.16805537151802,222.16805537151802,9.66805607590942,9.66805607590942,0.0,
31,simulation,0x,1,4,100,21-26,21-26,222.93375492510265,222.93375492510265,10.433755629494044,10.433755629494044,0.0,
32,simulation,0x,1,4,150,25-30,25-30,223.2684248733859,223.2684248733859,10.768425577777293,10.768425577777293,0.0,
33,simulation,0x,1,4,200,29-34,29-34,223.3556821258803,223.3556821258803,10.85568283027169,10.85568283027169,0.0,
34,simulation,0x,1,4,250,32-37,32-37,223.36810120774322,223.36810120774322,10.86810191213462,10.86810191213462,0.0,
35,simulation,0x,1,4,300,36-41,36-41,223.3704757874333,223.3704757874333,10.87047649182469,10.87047649182469,0.0,
36,simulation,0x,1,4,350,40-45,40-45,223.3706285319216,223.3706285319216,10.870629236312993,10.870629236312993,0.0,
37,simulation,0x,1,4,400,44-49,44-49,223.37064593423707,223.37064593423707,10.870646638628472,10.870646638628472,0.0,
38,simulation,0x,1,4,450,47-52,47-52,223.37064786965576,223.37064786965576,10.870648574047152,10.870648574047152,0.0,
39,simulation,0x,1,6,-150,2-7,2-7,224.3644253347736,224.3644253347736,11.86442603916501,11.86442603916501,0.0,
40,simulation,0x,1,6,-100,6-11,6-11,224.87137782688535,224.87137782688535,12.371378531276747,12.371378531276747,0.0,
41,simulation,0x,1,6,-50,10-15,10-15,226.0551907662736,226.0551907662736,13.555191470664994,13.555191470664994,0.0,
42,simulation,0x,1,6,0,13-19,13-19,227.73401993985811,227.73401993985811,15.23401922650379,15.23401922650379,0.0,
43,simulation,0x,1,6,50,17-22,17-22,229.69729279983935,229.69729279983935,17.197293504230743,17.197293504230743,0.0,
44,simulation,0x,1,6,100,21-26,21-26,231.58178339363593,231.58178339363593,19.081784098027327,19.081784098027327,0.0,
45,simulation,0x,1,6,150,25-30,25-30,232.67106514545517,232.67106514545517,20.17106584984657,20.17106584984657,0.0,
46,simulation,0x,1,6,200,29-34,29-34,233.10326635172407,233.10326635172407,20.60326705611547,20.60326705611547,0.0,
47,simulation,0x,1,6,250,32-37,32-37,233.20541780196257,233.20541780196257,20.705418506353965,20.705418506353965,0.0,
48,simulation,0x,1,6,300,36-41,36-41,233.2396585863973,233.2396585863973,20.739659290788694,20.739659290788694,0.0,
49,simulation,0x,1,6,350,40-45,40-45,233.2445141318745,233.2445141318745,20.744514836265893,20.744514836265893,0.0,
50,simulation,0x,1,6,400,44-49,44-49,233.24494442801335,233.24494442801335,20.74494513240475,20.74494513240475,0.0,
51,simulation,0x,1,6,450,47-52,47-52,233.2449618845842,233.2449618845842,20.744962588975596,20.744962588975596,0.0,
52,simulation,0x,1,8,-150,2-7,2-7,229.69606032549606,229.69606032549606,17.19606102988746,17.19606102988746,0.0,
53,simulation,0x,1,8,-100,6-11,6-11,230.7087149239729,230.7087149239729,18.208715628364303,18.208715628364303,0.0,
54,simulation,0x,1,8,-50,10-15,10-15,232.75919170109415,232.75919170109415,20.25919240548555,20.25919240548555,0.0,
55,simulation,0x,1,8,0,13-19,13-19,235.43145644469556,235.43145644469556,22.93145573134123,22.93145573134123,0.0,
56,simulation,0x,1,8,50,17-22,17-22,238.40052674774503,238.40052674774503,25.90052745213643,25.90052745213643,0.0,
57,simulation,0x,1,8,100,21-26,21-26,241.71124246087325,241.71124246087325,29.211243165264648,29.211243165264648,0.0,
58,simulation,0x,1,8,150,25-30,25-30,244.02374187037444,244.02374187037444,31.523742574765834,31.523742574765834,0.0,
59,simulation,0x,1,8,200,29-34,29-34,245.19685365543788,245.19685365543788,32.696854359829274,32.696854359829274,0.0,
60,simulation,0x,1,8,250,32-37,32-37,245.56894320034252,245.56894320034252,33.06894390473391,33.06894390473391,0.0,
61,simulation,0x,1,8,300,36-41,36-41,245.74028540429265,245.74028540429265,33.240286108684046,33.240286108684046,0.0,
62,simulation,0x,1,8,350,40-45,40-45,245.77792509479045,245.77792509479045,33.277925799181844,33.277925799181844,0.0,
63,simulation,0x,1,8,400,44-49,44-49,245.78380029198198,245.78380029198198,33.28380099637337,33.28380099637337,0.0,
64,simulation,0x,1,8,450,47-52,47-52,245.7843122809834,245.7843122809834,33.28431298537478,33.28431298537478,0.0,
65,simulation,0x,1,10,-150,2-7,2-7,233.8287376025186,233.8287376025186,21.328738306909997,21.328738306909997,0.0,
66,simulation,0x,1,10,-100,6-11,6-11,235.21402908314434,235.21402908314434,22.714029787535736,22.714029787535736,0.0,
67,simulation,0x,1,10,-50,10-15,10-15,237.75822234413764,237.75822234413764,25.258223048529032,25.258223048529032,0.0,
68,simulation,0x,1,10,0,13-19,13-19,240.88017261540625,240.88017261540625,28.380171902051927,28.380171902051927,0.0,
69,simulation,0x,1,10,50,17-22,17-22,244.29851827125805,244.29851827125805,31.798518975649444,31.798518975649444,0.0,
70,simulation,0x,1,10,100,21-26,21-26,247.9546425023091,247.9546425023091,35.454643206700496,35.454643206700496,0.0,
71,simulation,0x,1,10,150,25-30,25-30,250.71211651401595,250.71211651401595,38.21211721840734,38.21211721840734,0.0,
72,simulation,0x,1,10,200,29-34,29-34,252.5018597597758,252.5018597597758,40.00186046416721,40.00186046416721,0.0,
73,simulation,0x,1,10,250,32-37,32-37,253.1845661210171,253.1845661210171,40.684566825408496,40.684566825408496,0.0,
74,simulation,0x,1,10,300,36-41,36-41,253.5732199083401,253.5732199083401,41.07322061273149,41.07322061273149,0.0,
75,simulation,0x,1,10,350,40-45,40-45,253.68790931916195,253.68790931916195,41.18791002355334,41.18791002355334,0.0,
76,simulation,0x,1,10,400,44-49,44-49,253.71402537594608,253.71402537594608,41.214026080337476,41.214026080337476,0.0,
77,simulation,0x,1,10,450,47-52,47-52,253.71802102176372,253.71802102176372,41.218021726155115,41.218021726155115,0.0,
0,simulation,1x,1,0,-150,2-7,2-7,212.4999992956086,212.4999992956086,0.0,0.0,0.1,
1,simulation,1x,1,0,-100,6-11,6-11,212.4999992956086,212.4999992956086,0.0,0.0,0.1,
2,simulation,1x,1,0,-50,10-15,10-15,212.4999992956086,212.4999992956086,0.0,0.0,0.1,
3,simulation,1x,1,0,0,13-19,13-19,212.50000071335432,212.50000071335432,0.0,0.0,0.1,
4,simulation,1x,1,0,50,17-22,17-22,212.4999992956086,212.4999992956086,0.0,0.0,0.1,
5,simulation,1x,1,0,100,21-26,21-26,212.4999992956086,212.4999992956086,0.0,0.0,0.1,
6,simulation,1x,1,0,150,25-30,25-30,212.4999992956086,212.4999992956086,0.0,0.0,0.1,
7,simulation,1x,1,0,200,29-34,29-34,212.4999992956086,212.4999992956086,0.0,0.0,0.1,
8,simulation,1x,1,0,250,32-37,32-37,212.4999992956086,212.4999992956086,0.0,0.0,0.1,
9,simulation,1x,1,0,300,36-41,36-41,212.4999992956086,212.4999992956086,0.0,0.0,0.1,
10,simulation,1x,1,0,350,40-45,40-45,212.4999992956086,212.4999992956086,0.0,0.0,0.1,
11,simulation,1x,1,0,400,44-49,44-49,212.4999992956086,212.4999992956086,0.0,0.0,0.1,
12,simulation,1x,1,0,450,47-52,47-52,212.4999992956086,212.4999992956086,0.0,0.0,0.1,
13,simulation,1x,1,2,-150,2-7,2-7,215.5942885117815,212.49678199048583,3.0942892161729105,-0.0032173051227744054,0.1,
14,simulation,1x,1,2,-100,6-11,6-11,215.5996125190942,212.49637006246576,3.0996132234855907,-0.003629233142845578,0.1,
15,simulation,1x,1,2,-50,10-15,10-15,215.63015615533777,212.48844419049837,3.130156859729169,-0.011555105110232944,0.1,
16,simulation,1x,1,2,0,13-19,13-19,215.69315495967737,212.46549208568211,3.193154246323047,-0.03450862767220997,0.1,
17,simulation,1x,1,2,50,17-22,17-22,215.76051038943388,212.44474885704227,3.260511093825272,-0.055250438566332605,0.1,
18,simulation,1x,1,2,100,21-26,21-26,215.80133182330493,212.43883328227432,3.3013325276963315,-0.06116601333428662,0.1,
19,simulation,1x,1,2,150,25-30,25-30,215.81073772277688,212.4385130941171,3.3107384271682747,-0.061486201491504744,0.1,
20,simulation,1x,1,2,200,29-34,29-34,215.81165171723626,212.43842428363953,3.311652421627656,-0.06157501196906878,0.1,
21,simulation,1x,1,2,250,32-37,32-37,215.81167509322265,212.4383729122071,3.3116757976140434,-0.06162638340151716,0.1,
22,simulation,1x,1,2,300,36-41,36-41,215.8116577441789,212.4383653734404,3.3116584485702845,-0.061633922168198296,0.1,
23,simulation,1x,1,2,350,40-45,40-45,215.8116561367683,212.43836572084192,3.311656841159703,-0.06163357476668807,0.1,
24,simulation,1x,1,2,400,44-49,44-49,215.8116561367683,212.43836572084192,3.311656841159703,-0.06163357476668807,0.1,
25,simulation,1x,1,2,450,47-52,47-52,215.81165613615272,212.43836571806233,3.311656840544117,-0.06163357754627441,0.1,
26,simulation,1x,1,4,-150,2-7,2-7,220.55995602565017,214.3931843244746,8.059956730041563,1.893185028865986,0.1,
27,simulation,1x,1,4,-100,6-11,6-11,220.63343671054173,214.37284063419932,8.133437414933127,1.8728413385907174,0.1,
28,simulation,1x,1,4,-50,10-15,10-15,220.8446561799965,214.17158348708833,8.344656884387888,1.6715841914797238,0.1,
29,simulation,1x,1,4,0,13-19,13-19,221.15161500601096,213.51596764617403,8.651614292656632,1.0159669328197083,0.1,
30,simulation,1x,1,4,50,17-22,17-22,221.46316118768877,212.74850697544605,8.963161892080166,0.24850767983744504,0.1,
31,simulation,1x,1,4,100,21-26,21-26,221.6984456640517,212.52410220033659,9.198446368443086,0.024102904727982377,0.1,
32,simulation,1x,1,4,150,25-30,25-30,221.7913679598293,212.50485468407453,9.291368664220698,0.004855388465927035,0.1,
33,simulation,1x,1,4,200,29-34,29-34,221.8138271981737,212.50349835908145,9.313827902565095,0.0034990634728444547,0.1,
34,simulation,1x,1,4,250,32-37,32-37,221.8169351986516,212.50370125011216,9.316935903043003,0.0037019545035548163,0.1,
35,simulation,1x,1,4,300,36-41,36-41,221.8174826064492,212.50372051492963,9.3174833108406,0.0037212193210223177,0.1,
36,simulation,1x,1,4,350,40-45,40-45,221.81746752782848,212.50371283640166,9.31746823221988,0.0037135407930577458,0.1,
37,simulation,1x,1,4,400,44-49,44-49,221.8174776205586,212.5037194323917,9.317478324950002,0.0037201367831016796,0.1,
38,simulation,1x,1,4,450,47-52,47-52,221.81748363542266,212.50371975504208,9.317484339814058,0.0037204594334809826,0.1,
39,simulation,1x,1,6,-150,2-7,2-7,227.20769123194324,218.35953046149672,14.70769193633464,5.859531165888114,0.1,
40,simulation,1x,1,6,-100,6-11,6-11,227.53453105333216,218.37833582310188,15.034531757723556,5.878336527493275,0.1,
41,simulation,1x,1,6,-50,10-15,10-15,228.23888709711622,218.18925360635816,15.738887801507616,5.689254310749561,0.1,
42,simulation,1x,1,6,0,13-19,13-19,229.11473301414762,217.42566968476748,16.614732300793293,4.92566897141316,0.1,
43,simulation,1x,1,6,50,17-22,17-22,229.9865482781264,215.89737990812188,17.486548982517803,3.397380612513274,0.1,
44,simulation,1x,1,6,100,21-26,21-26,230.7239973291835,214.16558733852577,18.2239980335749,1.6655880429171646,0.1,
45,simulation,1x,1,6,150,25-30,25-30,231.1022969459553,213.77696139564335,18.602297650346685,1.2769621000347513,0.1,
46,simulation,1x,1,6,200,29-34,29-34,231.23853787331709,213.73775824495206,18.738538577708482,1.2377589493434584,0.1,
47,simulation,1x,1,6,250,32-37,32-37,231.26866516901407,213.73448725897953,18.768665873405467,1.234487963370924,0.1,
48,simulation,1x,1,6,300,36-41,36-41,231.2782585141494,213.7338922543824,18.778259218540796,1.2338929587737937,0.1,
49,simulation,1x,1,6,350,40-45,40-45,231.27942302512093,213.73386064725514,18.77942372951233,1.2338613516465387,0.1,
50,simulation,1x,1,6,400,44-49,44-49,231.279532691263,213.733858256352,18.779533395654397,1.2338589607433903,0.1,
51,simulation,1x,1,6,450,47-52,47-52,231.27954227281478,213.73386726094452,18.779542977206177,1.233867965335918,0.1,
52,simulation,1x,1,8,-150,2-7,2-7,235.56800568567,223.30367818173377,23.068006390061385,10.80367888612517,0.1,
53,simulation,1x,1,8,-100,6-11,6-11,236.28570433500946,223.45717010051197,23.785705039400852,10.95717080490337,0.1,
54,simulation,1x,1,8,-50,10-15,10-15,237.59481555689217,223.4835058019823,25.09481626128357,10.983506506373686,0.1,
55,simulation,1x,1,8,0,13-19,13-19,239.10823945144017,222.98206456762793,26.608238738085845,10.482063854273605,0.1,
56,simulation,1x,1,8,50,17-22,17-22,240.70041057988243,221.70863861047974,28.200411284273827,9.208639314871135,0.1,
57,simulation,1x,1,8,100,21-26,21-26,242.20746568472995,219.0884837581772,29.70746638912135,6.588484462568601,0.1,
58,simulation,1x,1,8,150,25-30,25-30,243.11082304924494,216.80064585172423,30.61082375363634,4.300646556115623,0.1,
59,simulation,1x,1,8,200,29-34,29-34,243.5218931072873,216.29043575539472,31.021893811678694,3.7904364597861218,0.1,
60,simulation,1x,1,8,250,32-37,32-37,243.6421557739171,216.2341023067926,31.142156478308493,3.734103011184004,0.1,
61,simulation,1x,1,8,300,36-41,36-41,243.69453099706294,216.22158559893808,31.194531701454338,3.721586303329474,0.1,
62,simulation,1x,1,8,350,40-45,40-45,243.70530846803806,216.22034510087576,31.205309172429452,3.720345805267158,0.1,
63,simulation,1x,1,8,400,44-49,44-49,243.7067861690068,216.22024473145063,31.206786873398187,3.720245435842031,0.1,
64,simulation,1x,1,8,450,47-52,47-52,243.7070113647133,216.22024939571196,31.207012069104707,3.7202501001033568,0.1,
65,simulation,1x,1,10,-150,2-7,2-7,244.89940143834042,228.7686699797653,32.399402142731816,16.26867068415669,0.1,
66,simulation,1x,1,10,-100,6-11,6-11,246.15534655432668,229.13996112436206,33.65534725871808,16.639961828753457,0.1,
67,simulation,1x,1,10,-50,10-15,10-15,248.26083331644554,229.53746006240817,35.76083402083694,17.03746076679957,0.1,
68,simulation,1x,1,10,0,13-19,13-19,250.5999864473468,229.5317995564778,38.09998573399247,17.031798843123482,0.1,
69,simulation,1x,1,10,50,17-22,17-22,253.04653972214098,228.8798710846798,40.546540426532374,16.37987178907119,0.1,
70,simulation,1x,1,10,100,21-26,21-26,255.55527825583732,226.95150199246538,43.05527896022872,14.451502696856778,0.1,
71,simulation,1x,1,10,150,25-30,25-30,257.22294181744434,223.86105507729243,44.72294252183573,11.361055781683831,0.1,
72,simulation,1x,1,10,200,29-34,29-34,258.10774080707546,220.98669357906934,45.607741511466855,8.486694283460736,0.1,
73,simulation,1x,1,10,250,32-37,32-37,258.41871843568737,220.29081247351368,45.918719140078764,7.790813177905079,0.1,
74,simulation,1x,1,10,300,36-41,36-41,258.58484288731984,220.1090310308524,46.084843591711234,7.6090317352438035,0.1,
75,simulation,1x,1,10,350,40-45,40-45,258.63024744209446,220.0829828127494,46.130248146485854,7.5829835171408035,0.1,
76,simulation,1x,1,10,400,44-49,44-49,258.6399975412679,220.07949548189725,46.139998245659314,7.579496186288651,0.1,
77,simulation,1x,1,10,450,47-52,47-52,258.64160213380245,220.07912037890696,46.14160283819385,7.579121083298361,0.1,
0,simulation,3x,1,0,-150,2-7,2-7,212.4999992956086,212.4999992956086,0.0,0.0,0.31622776601683794,
1,simulation,3x,1,0,-100,6-11,6-11,212.4999992956086,212.4999992956086,0.0,0.0,0.31622776601683794,
2,simulation,3x,1,0,-50,10-15,10-15,212.4999992956086,212.4999992956086,0.0,0.0,0.31622776601683794,
3,simulation,3x,1,0,0,13-19,13-19,212.50000071335432,212.50000071335432,0.0,0.0,0.31622776601683794,
4,simulation,3x,1,0,50,17-22,17-22,212.4999992956086,212.4999992956086,0.0,0.0,0.31622776601683794,
5,simulation,3x,1,0,100,21-26,21-26,212.4999992956086,212.4999992956086,0.0,0.0,0.31622776601683794,
6,simulation,3x,1,0,150,25-30,25-30,212.4999992956086,212.4999992956086,0.0,0.0,0.31622776601683794,
7,simulation,3x,1,0,200,29-34,29-34,212.4999992956086,212.4999992956086,0.0,0.0,0.31622776601683794,
8,simulation,3x,1,0,250,32-37,32-37,212.4999992956086,212.4999992956086,0.0,0.0,0.31622776601683794,
9,simulation,3x,1,0,300,36-41,36-41,212.4999992956086,212.4999992956086,0.0,0.0,0.31622776601683794,
10,simulation,3x,1,0,350,40-45,40-45,212.4999992956086,212.4999992956086,0.0,0.0,0.31622776601683794,
11,simulation,3x,1,0,400,44-49,44-49,212.4999992956086,212.4999992956086,0.0,0.0,0.31622776601683794,
12,simulation,3x,1,0,450,47-52,47-52,212.4999992956086,212.4999992956086,0.0,0.0,0.31622776601683794,
13,simulation,3x,1,2,-150,2-7,2-7,215.1112091408599,212.2802219731403,2.6112098452512953,-0.21977732246830328,0.31622776601683794,
14,simulation,3x,1,2,-100,6-11,6-11,215.11530038717433,212.28028217576033,2.615301091565726,-0.21971711984826925,0.31622776601683794,
15,simulation,3x,1,2,-50,10-15,10-15,215.13977333570455,212.28053378111994,2.6397740400959435,-0.21946551448866103,0.31622776601683794,
16,simulation,3x,1,2,0,13-19,13-19,215.19038838798036,212.2802083676634,2.690387674626038,-0.21979234569093364,0.31622776601683794,
17,simulation,3x,1,2,50,17-22,17-22,215.24507126683463,212.27989856994714,2.745071971226025,-0.22010072566146732,0.31622776601683794,
18,simulation,3x,1,2,100,21-26,21-26,215.27832625778265,212.28021905759047,2.7783269621740487,-0.2197802380181315,0.31622776601683794,
19,simulation,3x,1,2,150,25-30,25-30,215.28596231905166,212.2803045207109,2.7859630234430597,-0.21969477489770384,0.31622776601683794,
20,simulation,3x,1,2,200,29-34,29-34,215.28675876165778,212.2802039303837,2.786759466049176,-0.21979536522491117,0.31622776601683794,
21,simulation,3x,1,2,250,32-37,32-37,215.28679297276764,212.28016136651053,2.7867936771590394,-0.21983792909807676,0.31622776601683794,
22,simulation,3x,1,2,300,36-41,36-41,215.28678495448733,212.2801589413353,2.7867856588787276,-0.21984035427331605,0.31622776601683794,
23,simulation,3x,1,2,350,40-45,40-45,215.28678534026605,212.28015893936927,2.786786044657447,-0.21984035623933096,0.31622776601683794,
24,simulation,3x,1,2,400,44-49,44-49,215.28678534026605,212.28015893841504,2.786786044657447,-0.21984035719356143,0.31622776601683794,
25,simulation,3x,1,2,450,47-52,47-52,215.28678534026605,212.2801589366848,2.786786044657447,-0.21984035892378984,0.31622776601683794,
26,simulation,3x,1,4,-150,2-7,2-7,219.0766702488529,212.2015860826151,6.576670953244303,-0.2984132129934949,0.31622776601683794,
27,simulation,3x,1,4,-100,6-11,6-11,219.11401543108414,212.20139881761983,6.614016135475538,-0.29860047798877076,0.31622776601683794,
28,simulation,3x,1,4,-50,10-15,10-15,219.22305169191557,212.19523751374228,6.723052396306969,-0.3047617818663184,0.31622776601683794,
29,simulation,3x,1,4,0,13-19,13-19,219.3830083610142,212.18081808809336,6.883007647659866,-0.3191826252609644,0.31622776601683794,
30,simulation,3x,1,4,50,17-22,17-22,219.5475628808569,212.1678072702614,7.047563585248298,-0.3321920253472115,0.31622776601683794,
31,simulation,3x,1,4,100,21-26,21-26,219.67543938896262,212.1636313295935,7.175440093354013,-0.33636796601510355,0.31622776601683794,
32,simulation,3x,1,4,150,25-30,25-30,219.7281931683339,212.16370778491563,7.228193872725285,-0.33629151069297336,0.31622776601683794,
33,simulation,3x,1,4,200,29-34,29-34,219.74146925880632,212.16370371980204,7.241469963197716,-0.33629557580655955,0.31622776601683794,
34,simulation,3x,1,4,250,32-37,32-37,219.74335589008368,212.16358290432458,7.243356594475074,-0.33641639128401835,0.31622776601683794,
35,simulation,3x,1,4,300,36-41,36-41,219.74374166270445,212.16354686953474,7.243742367095848,-0.33645242607386194,0.31622776601683794,
36,simulation,3x,1,4,350,40-45,40-45,219.7437386214647,212.16353664100785,7.243739325856097,-0.3364626546007514,0.31622776601683794,
37,simulation,3x,1,4,400,44-49,44-49,219.7437346949486,212.16353749230908,7.243735399340011,-0.33646180329952813,0.31622776601683794,
38,simulation,3x,1,4,450,47-52,47-52,219.74373713447707,212.16353897417108,7.243737838868469,-0.3364603214375279,0.31622776601683794,
39,simulation,3x,1,6,-150,2-7,2-7,224.7770139268077,214.2342368746527,12.277014631199108,1.7342375790441054,0.31622776601683794,
40,simulation,3x,1,6,-100,6-11,6-11,224.88448598705386,214.19018696266207,12.384486691445261,1.6901876670534648,0.31622776601683794,
41,simulation,3x,1,6,-50,10-15,10-15,225.12648597998842,213.9181366843034,12.626486684379813,1.4181373886947881,0.31622776601683794,
42,simulation,3x,1,6,0,13-19,13-19,225.44760008711884,213.42196297331265,12.947599373764518,0.9219622599583204,0.31622776601683794,
43,simulation,3x,1,6,50,17-22,17-22,225.78283184022388,213.16074674060152,13.282832544615275,0.6607474449929214,0.31622776601683794,
44,simulation,3x,1,6,100,21-26,21-26,226.07536448912015,213.1146360981979,13.575365193511544,0.6146368025893025,0.31622776601683794,
45,simulation,3x,1,6,150,25-30,25-30,226.22754503883274,213.108334183885,13.727545743224141,0.6083348882764028,0.31622776601683794,
46,simulation,3x,1,6,200,29-34,29-34,226.28289071620534,213.10827711403164,13.78289142059674,0.6082778184230335,0.31622776601683794,
47,simulation,3x,1,6,250,32-37,32-37,226.2952567729033,213.10842698760564,13.795257477294683,0.6084276919970364,0.31622776601683794,
48,simulation,3x,1,6,300,36-41,36-41,226.29929829185815,213.10855321364758,13.799298996249547,0.6085539180389787,0.31622776601683794,
49,simulation,3x,1,6,350,40-45,40-45,226.2997726740524,213.10859103624549,13.799773378443803,0.6085917406368822,0.31622776601683794,
50,simulation,3x,1,6,400,44-49,44-49,226.29970353799442,213.10860250908792,13.799704242385815,0.6086032134793129,0.31622776601683794,
51,simulation,3x,1,6,450,47-52,47-52,226.29968721424234,213.1086089033247,13.799687918633737,0.6086096077160903,0.31622776601683794,
52,simulation,3x,1,8,-150,2-7,2-7,232.86572911566984,218.52960340838732,20.365729820061233,6.029604112778713,0.31622776601683794,
53,simulation,3x,1,8,-100,6-11,6-11,233.22114277183022,218.50630518119928,20.721143476221613,6.0063058855906775,0.31622776601683794,
54,simulation,3x,1,8,-50,10-15,10-15,233.8907494787554,218.21243595616178,21.390750183146793,5.7124366605531804,0.31622776601683794,
55,simulation,3x,1,8,0,13-19,13-19,234.6898127087461,217.35758852636062,22.18981199539178,4.85758781300629,0.31622776601683794,
56,simulation,3x,1,8,50,17-22,17-22,235.50119767393917,215.99936726897673,23.00119837833057,3.4993679733681233,0.31622776601683794,
57,simulation,3x,1,8,100,21-26,21-26,236.24425062826379,215.24630022010703,23.744251332655182,2.7463009244984278,0.31622776601683794,
58,simulation,3x,1,8,150,25-30,25-30,236.685729716028,215.15918836530295,24.18573042041939,2.6591890696943494,0.31622776601683794,
59,simulation,3x,1,8,200,29-34,29-34,236.88393490311023,215.1500685265818,24.383935607501627,2.6500692309732017,0.31622776601683794,
60,simulation,3x,1,8,250,32-37,32-37,236.941568496221,215.1497326386658,24.441569200612406,2.6497333430571928,0.31622776601683794,
61,simulation,3x,1,8,300,36-41,36-41,236.96674237716167,215.1500647022527,24.466743081553062,2.650065406644103,0.31622776601683794,
62,simulation,3x,1,8,350,40-45,40-45,236.9720240745162,215.15022453356136,24.47202477890761,2.6502252379527533,0.31622776601683794,
63,simulation,3x,1,8,400,44-49,44-49,236.97255843002156,215.1502193450545,24.47255913441296,2.650220049445892,0.31622776601683794,
64,simulation,3x,1,8,450,47-52,47-52,236.97243279074885,215.15021510705736,24.47243349514025,2.65021581144876,0.31622776601683794,
65,simulation,3x,1,10,-150,2-7,2-7,242.76353085986335,223.77908733482303,30.263531564254748,11.279088039214429,0.31622776601683794,
66,simulation,3x,1,10,-100,6-11,6-11,243.52698609400306,223.85312351318905,31.02698679839446,11.353124217580444,0.31622776601683794,
67,simulation,3x,1,10,-50,10-15,10-15,244.81523589521825,223.7105878918679,32.31523659960965,11.2105885962593,0.31622776601683794,
68,simulation,3x,1,10,0,13-19,13-19,246.2497375630676,223.0421991915436,33.74973684971329,10.542198478189277,0.31622776601683794,
69,simulation,3x,1,10,50,17-22,17-22,247.68338169242432,221.65531412505212,35.183382396815716,9.155314829443512,0.31622776601683794,
70,simulation,3x,1,10,100,21-26,21-26,249.04566201133423,219.24897124409117,36.545662715725626,6.748971948482563,0.31622776601683794,
71,simulation,3x,1,10,150,25-30,25-30,249.9361386191547,218.32189303374793,37.43613932354609,5.821893738139323,0.31622776601683794,
72,simulation,3x,1,10,200,29-34,29-34,250.44159477056303,218.20769100862563,37.941595474954426,5.707691713017027,0.31622776601683794,
73,simulation,3x,1,10,250,32-37,32-37,250.6184260105468,218.19506278344366,38.11842671493821,5.695063487835057,0.31622776601683794,
74,simulation,3x,1,10,300,36-41,36-41,250.71171101378002,218.19255094273979,38.211711718171415,5.692551647131182,0.31622776601683794,
75,simulation,3x,1,10,350,40-45,40-45,250.73714395638785,218.19252938330146,38.23714466077925,5.692530087692859,0.31622776601683794,
76,simulation,3x,1,10,400,44-49,44-49,250.7426554781797,218.1926002370335,38.242656182571096,5.6926009414248995,0.31622776601683794,
77,simulation,3x,1,10,450,47-52,47-52,250.7433287189018,218.1925707818539,38.243329423293204,5.692571486245299,0.31622776601683794,
0,simulation,10x,1,0,-150,2-7,2-7,212.4999992956086,212.4999992956086,0.0,0.0,1.0,
1,simulation,10x,1,0,-100,6-11,6-11,212.4999992956086,212.4999992956086,0.0,0.0,1.0,
2,simulation,10x,1,0,-50,10-15,10-15,212.4999992956086,212.4999992956086,0.0,0.0,1.0,
3,simulation,10x,1,0,0,13-19,13-19,212.50000071335432,212.50000071335432,0.0,0.0,1.0,
4,simulation,10x,1,0,50,17-22,17-22,212.4999992956086,212.4999992956086,0.0,0.0,1.0,
5,simulation,10x,1,0,100,21-26,21-26,212.4999992956086,212.4999992956086,0.0,0.0,1.0,
6,simulation,10x,1,0,150,25-30,25-30,212.4999992956086,212.4999992956086,0.0,0.0,1.0,
7,simulation,10x,1,0,200,29-34,29-34,212.4999992956086,212.4999992956086,0.0,0.0,1.0,
8,simulation,10x,1,0,250,32-37,32-37,212.4999992956086,212.4999992956086,0.0,0.0,1.0,
9,simulation,10x,1,0,300,36-41,36-41,212.4999992956086,212.4999992956086,0.0,0.0,1.0,
10,simulation,10x,1,0,350,40-45,40-45,212.4999992956086,212.4999992956086,0.0,0.0,1.0,
11,simulation,10x,1,0,400,44-49,44-49,212.4999992956086,212.4999992956086,0.0,0.0,1.0,
12,simulation,10x,1,0,450,47-52,47-52,212.4999992956086,212.4999992956086,0.0,0.0,1.0,
13,simulation,10x,1,2,-150,2-7,2-7,214.383231153292,212.2055185456094,1.8832318576833984,-0.29448074999919527,1.0,
14,simulation,10x,1,2,-100,6-11,6-11,214.38569590988357,212.20568809933263,1.8856966142749627,-0.29431119627597013,1.0,
15,simulation,10x,1,2,-50,10-15,10-15,214.4009706965166,212.2058546774468,1.9009714009079914,-0.2941446181617948,1.0,
16,simulation,10x,1,2,0,13-19,13-19,214.43234796113987,212.20625364275713,1.9323472477855432,-0.29374707059719185,1.0,
17,simulation,10x,1,2,50,17-22,17-22,214.46621440458438,212.206855151493,1.9662151089757742,-0.2931441441156153,1.0,
18,simulation,10x,1,2,100,21-26,21-26,214.4867662377261,212.2072737002214,1.986766942117498,-0.29272559538719634,1.0,
19,simulation,10x,1,2,150,25-30,25-30,214.49152653074208,212.2071865373122,1.991527235133475,-0.29281275829640663,1.0,
20,simulation,10x,1,2,200,29-34,29-34,214.4920336785932,212.2070265136912,1.992034382984599,-0.29297278191739906,1.0,
21,simulation,10x,1,2,250,32-37,32-37,214.49200418007706,212.20701017852207,1.9920048844684572,-0.29298911708653463,1.0,
22,simulation,10x,1,2,300,36-41,36-41,214.4919805268491,212.20700726133947,1.9919812312404872,-0.29299203426913323,1.0,
23,simulation,10x,1,2,350,40-45,40-45,214.4919825514242,212.2070074688959,1.9919832558155974,-0.29299182671269364,1.0,
24,simulation,10x,1,2,400,44-49,44-49,214.4919825514242,212.20700877898332,1.9919832558155974,-0.29299051662528086,1.0,
25,simulation,10x,1,2,450,47-52,47-52,214.4919825514242,212.20700877898332,1.9919832558155974,-0.29299051662528086,1.0,
26,simulation,10x,1,4,-150,2-7,2-7,217.0504097112195,212.0148445746863,4.550410415610884,-0.48515472092230993,1.0,
27,simulation,10x,1,4,-100,6-11,6-11,217.0742077290271,212.01530310487078,4.574208433418505,-0.48469619073782155,1.0,
28,simulation,10x,1,4,-50,10-15,10-15,217.14359955345208,212.01609193893987,4.643600257843474,-0.4839073566687375,1.0,
29,simulation,10x,1,4,0,13-19,13-19,217.24622865035548,212.01686984681382,4.7462279370011515,-0.4831308665405061,1.0,
30,simulation,10x,1,4,50,17-22,17-22,217.35308023254595,212.01759241098284,4.853080936937346,-0.4824068846257603,1.0,
31,simulation,10x,1,4,100,21-26,21-26,217.43603622747335,212.0184384528135,4.936036931864749,-0.4815608427950906,1.0,
32,simulation,10x,1,4,150,25-30,25-30,217.4699804795416,212.01884151281735,4.969981183932987,-0.4811577827912572,1.0,
33,simulation,10x,1,4,200,29-34,29-34,217.4784633139002,212.0189235820229,4.978464018291589,-0.4810757135857102,1.0,
34,simulation,10x,1,4,250,32-37,32-37,217.47959013716422,212.01886796231253,4.97959084155562,-0.4811313332960765,1.0,
35,simulation,10x,1,4,300,36-41,36-41,217.47970122948155,212.01883119297062,4.979701933872946,-0.48116810263798016,1.0,
36,simulation,10x,1,4,350,40-45,40-45,217.47966922137434,212.01883082898325,4.979669925765734,-0.4811684666253484,1.0,
37,simulation,10x,1,4,400,44-49,44-49,217.4796742977051,212.01882664574336,4.979675002096485,-0.48117264986524333,1.0,
38,simulation,10x,1,4,450,47-52,47-52,217.47967733028736,212.01882663691674,4.979678034678756,-0.481172658691861,1.0,
39,simulation,10x,1,6,-150,2-7,2-7,221.27740658327576,212.859344367416,8.77740728766716,0.35934507180741093,1.0,
40,simulation,10x,1,6,-100,6-11,6-11,221.34629350813154,212.8603046054323,8.846294212522935,0.36030530982370124,1.0,
41,simulation,10x,1,6,-50,10-15,10-15,221.49534221836956,212.8610980589365,8.995342922760955,0.36109876332790236,1.0,
42,simulation,10x,1,6,0,13-19,13-19,221.6847175937434,212.8607227142471,9.184716880389061,0.36072200089276407,1.0,
43,simulation,10x,1,6,50,17-22,17-22,221.87819170080098,212.86007120547643,9.37819240519238,0.3600719098678269,1.0,
44,simulation,10x,1,6,100,21-26,21-26,222.04619328751548,212.8607822797035,9.546193991906875,0.3607829840948966,1.0,
45,simulation,10x,1,6,150,25-30,25-30,222.1350434520442,212.86186456288456,9.635044156435583,0.36186526727595947,1.0,
46,simulation,10x,1,6,200,29-34,29-34,222.16802507945678,212.86243061430798,9.66802578384818,0.36243131869937883,1.0,
47,simulation,10x,1,6,250,32-37,32-37,222.1753927553724,212.8626675721142,9.675393459763796,0.36266827650558753,1.0,
48,simulation,10x,1,6,300,36-41,36-41,222.1776553270814,212.86265753251223,9.677656031472793,0.3626582369036271,1.0,
49,simulation,10x,1,6,350,40-45,40-45,222.1778172565326,212.862636179273,9.677817960923988,0.3626368836644076,1.0,
50,simulation,10x,1,6,400,44-49,44-49,222.17778850672093,212.86262180546723,9.677789211112326,0.36262250985862465,1.0,
51,simulation,10x,1,6,450,47-52,47-52,222.1777788342314,212.86262591238838,9.677779538622787,0.36262661677977803,1.0,
52,simulation,10x,1,8,-150,2-7,2-7,226.9790715343597,214.7755885348487,14.479072238751087,2.275589239240105,1.0,
53,simulation,10x,1,8,-100,6-11,6-11,227.11531412270296,214.77653729453272,14.615314827094352,2.2765379989241126,1.0,
54,simulation,10x,1,8,-50,10-15,10-15,227.3657479177954,214.77419038891915,14.8657486221868,2.2741910933105487,1.0,
55,simulation,10x,1,8,0,13-19,13-19,227.65536190586306,214.7681865551238,15.155361192508735,2.26818584176948,1.0,
56,simulation,10x,1,8,50,17-22,17-22,227.94571341086117,214.76263020629045,15.44571411525257,2.2626309106818496,1.0,
57,simulation,10x,1,8,100,21-26,21-26,228.21314899750732,214.76101181485504,15.713149701898715,2.261012519246435,1.0,
58,simulation,10x,1,8,150,25-30,25-30,228.37780621910633,214.76230784757144,15.87780692349773,2.262308551962832,1.0,
59,simulation,10x,1,8,200,29-34,29-34,228.45506081905273,214.7635435270103,15.95506152344413,2.26354423140171,1.0,
60,simulation,10x,1,8,250,32-37,32-37,228.47814204300514,214.76397951135712,15.978142747396532,2.263980215748518,1.0,
61,simulation,10x,1,8,300,36-41,36-41,228.4883013413173,214.76362222650113,15.988302045708707,2.2636229308925238,1.0,
62,simulation,10x,1,8,350,40-45,40-45,228.49031058823883,214.76336282359688,15.990311292630224,2.2633635279882753,1.0,
63,simulation,10x,1,8,400,44-49,44-49,228.4904109617678,214.7633054475833,15.99041166615919,2.263306151974689,1.0,
64,simulation,10x,1,8,450,47-52,47-52,228.4903606074609,214.7632918191525,15.990361311852297,2.263292523543896,1.0,
65,simulation,10x,1,10,-150,2-7,2-7,233.74046621877991,217.73146742468674,21.24046692317131,5.231468129078138,1.0,
66,simulation,10x,1,10,-100,6-11,6-11,233.94614445900316,217.71373123067485,21.44614516339456,5.213731935066249,1.0,
67,simulation,10x,1,10,-50,10-15,10-15,234.27840423574838,217.6768408750817,21.77840494013978,5.176841579473091,1.0,
68,simulation,10x,1,10,0,13-19,13-19,234.62511557048103,217.64065880250524,22.125114857126704,5.140658089150918,1.0,
69,simulation,10x,1,10,50,17-22,17-22,234.95583550562242,217.61560116885659,22.455836210013814,5.115601873247982,1.0,
70,simulation,10x,1,10,100,21-26,21-26,235.26514744243883,217.60498262172172,22.765148146830228,5.104983326113114,1.0,
71,simulation,10x,1,10,150,25-30,25-30,235.4777340643459,217.60426149006557,22.977734768737292,5.104262194456965,1.0,
72,simulation,10x,1,10,200,29-34,29-34,235.59752709275654,217.60573566285623,23.097527797147933,5.10573636724763,1.0,
73,simulation,10x,1,10,250,32-37,32-37,235.64197866994152,217.60658240361326,23.14197937433292,5.106583108004656,1.0,
74,simulation,10x,1,10,300,36-41,36-41,235.66673699360288,217.60700244649047,23.16673769799428,5.107003150881866,1.0,
75,simulation,10x,1,10,350,40-45,40-45,235.67383366399784,217.60685145914996,23.173834368389237,5.106852163541362,1.0,
76,simulation,10x,1,10,400,44-49,44-49,235.67521170600742,217.6066806972086,23.175212410398814,5.106681401599985,1.0,
77,simulation,10x,1,10,450,47-52,47-52,235.67500942585974,217.60662709843095,23.175010130251138,5.106627802822345,1.0,
0,simulation,30x,1,0,-150,2-7,2-7,212.4999992956086,212.4999992956086,0.0,0.0,3.1622776601683795,
1,simulation,30x,1,0,-100,6-11,6-11,212.4999992956086,212.4999992956086,0.0,0.0,3.1622776601683795,
2,simulation,30x,1,0,-50,10-15,10-15,212.4999992956086,212.4999992956086,0.0,0.0,3.1622776601683795,
3,simulation,30x,1,0,0,13-19,13-19,212.50000071335432,212.50000071335432,0.0,0.0,3.1622776601683795,
4,simulation,30x,1,0,50,17-22,17-22,212.4999992956086,212.4999992956086,0.0,0.0,3.1622776601683795,
5,simulation,30x,1,0,100,21-26,21-26,212.4999992956086,212.4999992956086,0.0,0.0,3.1622776601683795,
6,simulation,30x,1,0,150,25-30,25-30,212.4999992956086,212.4999992956086,0.0,0.0,3.1622776601683795,
7,simulation,30x,1,0,200,29-34,29-34,212.4999992956086,212.4999992956086,0.0,0.0,3.1622776601683795,
8,simulation,30x,1,0,250,32-37,32-37,212.4999992956086,212.4999992956086,0.0,0.0,3.1622776601683795,
9,simulation,30x,1,0,300,36-41,36-41,212.4999992956086,212.4999992956086,0.0,0.0,3.1622776601683795,
10,simulation,30x,1,0,350,40-45,40-45,212.4999992956086,212.4999992956086,0.0,0.0,3.1622776601683795,
11,simulation,30x,1,0,400,44-49,44-49,212.4999992956086,212.4999992956086,0.0,0.0,3.1622776601683795,
12,simulation,30x,1,0,450,47-52,47-52,212.4999992956086,212.4999992956086,0.0,0.0,3.1622776601683795,
13,simulation,30x,1,2,-150,2-7,2-7,213.58108287237144,212.17354831868664,1.0810835767628362,-0.32645097692196146,3.1622776601683795,
14,simulation,30x,1,2,-100,6-11,6-11,213.58223853746918,212.1738661470919,1.0822392418605773,-0.3261331485167034,3.1622776601683795,
15,simulation,30x,1,2,-50,10-15,10-15,213.58904938328078,212.17387284502468,1.0890500876721774,-0.32612645058392786,3.1622776601683795,
16,simulation,30x,1,2,0,13-19,13-19,213.60298499217114,212.1739900741559,1.1029842788168196,-0.3260106391984152,3.1622776601683795,
17,simulation,30x,1,2,50,17-22,17-22,213.61807670933683,212.17446659659805,1.1180774137282299,-0.3255326990105516,3.1622776601683795,
18,simulation,30x,1,2,100,21-26,21-26,213.62733973860855,212.1746953070843,1.1273404429999516,-0.325303988524297,3.1622776601683795,
19,simulation,30x,1,2,150,25-30,25-30,213.6294762340494,212.17426572312888,1.1294769384408028,-0.3257335724797201,3.1622776601683795,
20,simulation,30x,1,2,200,29-34,29-34,213.6294330364427,212.17401094122297,1.129433740834088,-0.325988354385629,3.1622776601683795,
21,simulation,30x,1,2,250,32-37,32-37,213.6293442975921,212.17399855880294,1.129345001983495,-0.32600073680566766,3.1622776601683795,
22,simulation,30x,1,2,300,36-41,36-41,213.62931286907266,212.17399646639544,1.12931357346406,-0.3260028292131665,3.1622776601683795,
23,simulation,30x,1,2,350,40-45,40-45,213.6293132693989,212.17399770141958,1.129313973790289,-0.3260015941890231,3.1622776601683795,
24,simulation,30x,1,2,400,44-49,44-49,213.62931326470846,212.17399769514637,1.1293139690998544,-0.32600160046223436,3.1622776601683795,
25,simulation,30x,1,2,450,47-52,47-52,213.6293132599059,212.17399769456304,1.129313964297296,-0.32600160104556153,3.1622776601683795,
26,simulation,30x,1,4,-150,2-7,2-7,215.0112041682978,211.95360996909065,2.5112048726892056,-0.5463893265179536,3.1622776601683795,
27,simulation,30x,1,4,-100,6-11,6-11,215.02101200615562,211.95421936885253,2.521012710547012,-0.5457799267560688,3.1622776601683795,
28,simulation,30x,1,4,-50,10-15,10-15,215.04896797765556,211.95463160582676,2.5489686820469615,-0.5453676897818411,3.1622776601683795,
29,simulation,30x,1,4,0,13-19,13-19,215.09022579449683,211.9550745171841,2.5902250811425063,-0.5449261961702234,3.1622776601683795,
30,simulation,30x,1,4,50,17-22,17-22,215.13348900869087,211.95571776965798,2.6334897130822696,-0.5442815259506233,3.1622776601683795,
31,simulation,30x,1,4,100,21-26,21-26,215.1672732957076,211.95665559404557,2.6672740000989847,-0.5433437015630318,3.1622776601683795,
32,simulation,30x,1,4,150,25-30,25-30,215.1806813006501,211.95585363913568,2.68068200504149,-0.5441456564729208,3.1622776601683795,
33,simulation,30x,1,4,200,29-34,29-34,215.18386896707122,211.95468435803045,2.6838696714626167,-0.545314937578155,3.1622776601683795,
34,simulation,30x,1,4,250,32-37,32-37,215.18410154388397,211.95437447346592,2.684102248275366,-0.5456248221426847,3.1622776601683795,
35,simulation,30x,1,4,300,36-41,36-41,215.1840127389498,211.95428560319817,2.6840134433412004,-0.5457136924104304,3.1622776601683795,
36,simulation,30x,1,4,350,40-45,40-45,215.18393684314395,211.95429145440593,2.6839375475353506,-0.5457078412026704,3.1622776601683795,
37,simulation,30x,1,4,400,44-49,44-49,215.18392614503344,211.95429290562694,2.683926849424836,-0.5457063899816603,3.1622776601683795,
38,simulation,30x,1,4,450,47-52,47-52,215.18392646006436,211.95429289861875,2.6839271644557527,-0.545706396989857,3.1622776601683795,
39,simulation,30x,1,6,-150,2-7,2-7,217.84408645134076,212.75742370364856,5.344087155732154,0.25742440803995237,3.1622776601683795,
40,simulation,30x,1,6,-100,6-11,6-11,217.87365028718224,212.75832692774273,5.373650991573641,0.2583276321341259,3.1622776601683795,
41,simulation,30x,1,6,-50,10-15,10-15,217.93685136892438,212.75904867618465,5.436852073315777,0.25904938057604454,3.1622776601683795,
42,simulation,30x,1,6,0,13-19,13-19,218.0174200275488,212.75983369584392,5.517419314194484,0.2598329824895984,3.1622776601683795,
43,simulation,30x,1,6,50,17-22,17-22,218.1004111807994,212.76084146717403,5.600411885190795,0.26084217156542877,3.1622776601683795,
44,simulation,30x,1,6,100,21-26,21-26,218.17219430310902,212.76149260514163,5.67219500750042,0.26149330953302297,3.1622776601683795,
45,simulation,30x,1,6,150,25-30,25-30,218.20970340631789,212.7615453796706,5.709704110709282,0.2615460840619903,3.1622776601683795,
46,simulation,30x,1,6,200,29-34,29-34,218.2232541994571,212.76063996086015,5.723254903848499,0.26064066525154317,3.1622776601683795,
47,simulation,30x,1,6,250,32-37,32-37,218.2259758476901,212.76035114419878,5.725976552081505,0.2603518485901759,3.1622776601683795,
48,simulation,30x,1,6,300,36-41,36-41,218.2266570137233,212.76021473712493,5.726657718114694,0.2602154415163227,3.1622776601683795,
49,simulation,30x,1,6,350,40-45,40-45,218.22656203977624,212.76019712086844,5.726562744167637,0.26019782525983715,3.1622776601683795,
50,simulation,30x,1,6,400,44-49,44-49,218.22648972097474,212.76020595045878,5.726490425366137,0.2602066548501796,3.1622776601683795,
51,simulation,30x,1,6,450,47-52,47-52,218.2264768747385,212.76020146512266,5.726477579129892,0.2602021695140593,3.1622776601683795,
52,simulation,30x,1,8,-150,2-7,2-7,221.91057543477285,214.61266796849347,9.410576139164249,2.1126686728848654,3.1622776601683795,
53,simulation,30x,1,8,-100,6-11,6-11,221.96979966856,214.61379551485086,9.469800372951397,2.1137962192422606,3.1622776601683795,
54,simulation,30x,1,8,-50,10-15,10-15,222.07902872331226,214.61510292576082,9.57902942770366,2.1151036301522197,3.1622776601683795,
55,simulation,30x,1,8,0,13-19,13-19,222.2070076173994,214.61619803871505,9.707006904045073,2.11619732536073,3.1622776601683795,
56,simulation,30x,1,8,50,17-22,17-22,222.3373206055917,214.6170147109611,9.83732130998311,2.1170154153524834,3.1622776601683795,
57,simulation,30x,1,8,100,21-26,21-26,222.45760419921248,214.61805972708322,9.95760490360388,2.1180604314746176,3.1622776601683795,
58,simulation,30x,1,8,150,25-30,25-30,222.53059241272862,214.61857064433883,10.03059311712002,2.118571348730228,3.1622776601683795,
59,simulation,30x,1,8,200,29-34,29-34,222.5636654802332,214.61816749810916,10.063666184624594,2.1181682025005557,3.1622776601683795,
60,simulation,30x,1,8,250,32-37,32-37,222.57337922536016,214.61802895210718,10.073379929751553,2.118029656498578,3.1622776601683795,
61,simulation,30x,1,8,300,36-41,36-41,222.57728510783886,214.61800799216854,10.077285812230258,2.11800869655994,3.1622776601683795,
62,simulation,30x,1,8,350,40-45,40-45,222.57781149780624,214.6179935918199,10.077812202197634,2.117994296211293,3.1622776601683795,
63,simulation,30x,1,8,400,44-49,44-49,222.57762772923897,214.61797279820257,10.077628433630366,2.117973502593969,3.1622776601683795,
64,simulation,30x,1,8,450,47-52,47-52,222.5775489333441,214.6179817480327,10.077549637735501,2.117982452424087,3.1622776601683795,
65,simulation,30x,1,10,-150,2-7,2-7,227.00369516416848,217.40111280140925,14.503695868559873,4.901113505800652,3.1622776601683795,
66,simulation,30x,1,10,-100,6-11,6-11,227.1007076811047,217.4029456950227,14.600708385496091,4.902946399414105,3.1622776601683795,
67,simulation,30x,1,10,-50,10-15,10-15,227.2634606697015,217.40463911003675,14.763461374092884,4.904639814428151,3.1622776601683795,
68,simulation,30x,1,10,0,13-19,13-19,227.44441161958565,217.4058679183637,14.944410906231326,4.905867205009372,3.1622776601683795,
69,simulation,30x,1,10,50,17-22,17-22,227.6274042014351,217.40703976072822,15.127404905826495,4.907040465119621,3.1622776601683795,
70,simulation,30x,1,10,100,21-26,21-26,227.8033210032912,217.40852336934702,15.303321707682585,4.90852407373842,3.1622776601683795,
71,simulation,30x,1,10,150,25-30,25-30,227.92063297632725,217.40941757721015,15.420633680718652,4.909418281601546,3.1622776601683795,
72,simulation,30x,1,10,200,29-34,29-34,227.98286017898792,217.40943973793907,15.482860883379317,4.909440442330464,3.1622776601683795,
73,simulation,30x,1,10,250,32-37,32-37,228.00463044670218,217.4097660790092,15.504631151093577,4.909766783400585,3.1622776601683795,
74,simulation,30x,1,10,300,36-41,36-41,228.0161021247675,217.41012116515313,15.51610282915891,4.9101218695445255,3.1622776601683795,
75,simulation,30x,1,10,350,40-45,40-45,228.0191392395764,217.4102069800445,15.519139943967787,4.910207684435903,3.1622776601683795,
76,simulation,30x,1,10,400,44-49,44-49,228.01932381460654,217.4102383921148,15.519324518997934,4.910239096506189,3.1622776601683795,
77,simulation,30x,1,10,450,47-52,47-52,228.01911072077763,217.41025294499127,15.51911142516903,4.910253649382668,3.1622776601683795,
0,simulation,100x,1,0,-150,2-7,2-7,212.4999992956086,212.4999992956086,0.0,0.0,10.0,
1,simulation,100x,1,0,-100,6-11,6-11,212.4999992956086,212.4999992956086,0.0,0.0,10.0,
2,simulation,100x,1,0,-50,10-15,10-15,212.4999992956086,212.4999992956086,0.0,0.0,10.0,
3,simulation,100x,1,0,0,13-19,13-19,212.50000071335432,212.50000071335432,0.0,0.0,10.0,
4,simulation,100x,1,0,50,17-22,17-22,212.4999992956086,212.4999992956086,0.0,0.0,10.0,
5,simulation,100x,1,0,100,21-26,21-26,212.4999992956086,212.4999992956086,0.0,0.0,10.0,
6,simulation,100x,1,0,150,25-30,25-30,212.4999992956086,212.4999992956086,0.0,0.0,10.0,
7,simulation,100x,1,0,200,29-34,29-34,212.4999992956086,212.4999992956086,0.0,0.0,10.0,
8,simulation,100x,1,0,250,32-37,32-37,212.4999992956086,212.4999992956086,0.0,0.0,10.0,
9,simulation,100x,1,0,300,36-41,36-41,212.4999992956086,212.4999992956086,0.0,0.0,10.0,
10,simulation,100x,1,0,350,40-45,40-45,212.4999992956086,212.4999992956086,0.0,0.0,10.0,
11,simulation,100x,1,0,400,44-49,44-49,212.4999992956086,212.4999992956086,0.0,0.0,10.0,
12,simulation,100x,1,0,450,47-52,47-52,212.4999992956086,212.4999992956086,0.0,0.0,10.0,
13,simulation,100x,1,2,-150,2-7,2-7,212.93898729221692,212.16060897591274,0.43898799660831855,-0.3393903196958661,10.0,
14,simulation,100x,1,2,-100,6-11,6-11,212.93915013543256,212.16018243930407,0.4391508398239523,-0.3398168563045374,10.0,
15,simulation,100x,1,2,-50,10-15,10-15,212.94152311591583,212.16026924394788,0.4415238203072249,-0.3397300516607231,10.0,
16,simulation,100x,1,2,0,13-19,13-19,212.94619347936563,212.16031198663828,0.44619276601130764,-0.339688726716048,10.0,
17,simulation,100x,1,2,50,17-22,17-22,212.95124502141732,212.16047683543204,0.45124572580871813,-0.3395224601765676,10.0,
18,simulation,100x,1,2,100,21-26,21-26,212.95429006854943,212.16024520021134,0.45429077294082276,-0.339754095397268,10.0,
19,simulation,100x,1,2,150,25-30,25-30,212.95516006284677,212.15980365622684,0.45516076723816923,-0.34019563938176134,10.0,
20,simulation,100x,1,2,200,29-34,29-34,212.95513447596178,212.1597889394565,0.45513518035318157,-0.34021035615211304,10.0,
21,simulation,100x,1,2,250,32-37,32-37,212.95502274275668,212.15978003066445,0.4550234471480792,-0.3402192649441531,10.0,
22,simulation,100x,1,2,300,36-41,36-41,212.95499066837448,212.15977874332825,0.45499137276587476,-0.34022055228035697,10.0,
23,simulation,100x,1,2,350,40-45,40-45,212.95499319506627,212.15977874253193,0.4549938994576621,-0.3402205530766764,10.0,
24,simulation,100x,1,2,400,44-49,44-49,212.954994528178,212.15977874253193,0.454995232569388,-0.3402205530766764,10.0,
25,simulation,100x,1,2,450,47-52,47-52,212.95499452623068,212.15977873743878,0.4549952306220746,-0.34022055816981833,10.0,
26,simulation,100x,1,4,-150,2-7,2-7,213.54511326643168,211.92791914416813,1.0451139708230812,-0.5720801514404741,10.0,
27,simulation,100x,1,4,-100,6-11,6-11,213.54790084729373,211.92881810160011,1.047901551685129,-0.5711811940084885,10.0,
28,simulation,100x,1,4,-50,10-15,10-15,213.5564684918276,211.92926581731118,1.056469196218984,-0.5707334782974272,10.0,
29,simulation,100x,1,4,0,13-19,13-19,213.56923680591197,211.92950006758753,1.0692360925576452,-0.5705006457667992,10.0,
30,simulation,100x,1,4,50,17-22,17-22,213.5827209194053,211.92971740746114,1.0827216237966866,-0.5702818881474627,10.0,
31,simulation,100x,1,4,100,21-26,21-26,213.59301221407196,211.92934716176444,1.0930129184633586,-0.5706521338441632,10.0,
32,simulation,100x,1,4,150,25-30,25-30,213.59723279141926,211.9271662515563,1.0972334958106558,-0.5728330440523166,10.0,
33,simulation,100x,1,4,200,29-34,29-34,213.59888053766738,211.92641763683793,1.0988812420587806,-0.5735816587706779,10.0,
34,simulation,100x,1,4,250,32-37,32-37,213.59890699284207,211.92632361474136,1.0989076972334715,-0.5736756808672396,10.0,
35,simulation,100x,1,4,300,36-41,36-41,213.59866820506593,211.9263139308119,1.0986689094573308,-0.5736853647967166,10.0,
36,simulation,100x,1,4,350,40-45,40-45,213.59861753901745,211.9263097777714,1.0986182434088505,-0.5736895178372095,10.0,
37,simulation,100x,1,4,400,44-49,44-49,213.59861691028786,211.92630976280836,1.098617614679256,-0.5736895328002447,10.0,
38,simulation,100x,1,4,450,47-52,47-52,213.59861187151574,211.92630976280836,1.09861257590714,-0.5736895328002447,10.0,
39,simulation,100x,1,6,-150,2-7,2-7,215.35956026117307,212.71946071034267,2.8595609655644694,0.2194614147340701,10.0,
40,simulation,100x,1,6,-100,6-11,6-11,215.3680910568764,212.71863436612963,2.868091761267806,0.2186350705210316,10.0,
41,simulation,100x,1,6,-50,10-15,10-15,215.38716322603904,212.71910828950698,2.8871639304304324,0.21910899389837368,10.0,
42,simulation,100x,1,6,0,13-19,13-19,215.41157116309304,212.71940323362656,2.9115704497387185,0.21940252027224005,10.0,
43,simulation,100x,1,6,50,17-22,17-22,215.43695793598675,212.7195533344853,2.936958640378151,0.21955403887670855,10.0,
44,simulation,100x,1,6,100,21-26,21-26,215.45805513622196,212.7184421372312,2.958055840613355,0.21844284162258987,10.0,
45,simulation,100x,1,6,150,25-30,25-30,215.46990565656495,212.71658634575587,2.969906360956344,0.2165870501472682,10.0,
46,simulation,100x,1,6,200,29-34,29-34,215.47407748701124,212.71602021006325,2.97407819140264,0.21602091445464566,10.0,
47,simulation,100x,1,6,250,32-37,32-37,215.47487490362207,212.71597535360053,2.9748756080134626,0.21597605799192365,10.0,
48,simulation,100x,1,6,300,36-41,36-41,215.4750159222649,212.71599841811943,2.9750166266562985,0.21599912251082287,10.0,
49,simulation,100x,1,6,350,40-45,40-45,215.47483840745235,212.71601532781796,2.9748391118437496,0.21601603220935317,10.0,
50,simulation,100x,1,6,400,44-49,44-49,215.474809167538,212.71602125687204,2.974809871929409,0.21602196126343642,10.0,
51,simulation,100x,1,6,450,47-52,47-52,215.47480678989243,212.71602121230507,2.974807494283823,0.2160219166964623,10.0,
52,simulation,100x,1,8,-150,2-7,2-7,218.30496317547744,214.55777798183513,5.804963879868836,2.057778686226527,10.0,
53,simulation,100x,1,8,-100,6-11,6-11,218.322638732505,214.5589963441805,5.822639436896395,2.0589970485719107,10.0,
54,simulation,100x,1,8,-50,10-15,10-15,218.35509640628743,214.55915898655343,5.855097110678827,2.059159690944824,10.0,
55,simulation,100x,1,8,0,13-19,13-19,218.39342720135053,214.5592304832975,5.893426487996209,2.0592297699431867,10.0,
56,simulation,100x,1,8,50,17-22,17-22,218.43271763983861,214.55911888298925,5.932718344230011,2.05911958738065,10.0,
57,simulation,100x,1,8,100,21-26,21-26,218.4687080980401,214.55834611955066,5.968708802431507,2.0583468239420597,10.0,
58,simulation,100x,1,8,150,25-30,25-30,218.49049025644328,214.55892652733988,5.990490960834677,2.058927231731275,10.0,
59,simulation,100x,1,8,200,29-34,29-34,218.50045767012136,214.55925008110594,6.00045837451276,2.0592507854973405,10.0,
60,simulation,100x,1,8,250,32-37,32-37,218.50325630379555,214.55872413583097,6.003257008186949,2.058724840222368,10.0,
61,simulation,100x,1,8,300,36-41,36-41,218.50435813823276,214.5583998884722,6.004358842624157,2.058400592863592,10.0,
62,simulation,100x,1,8,350,40-45,40-45,218.50425582095264,214.55834883479432,6.004256525344033,2.0583495391857127,10.0,
63,simulation,100x,1,8,400,44-49,44-49,218.50396174542058,214.55832676268588,6.003962449811979,2.0583274670772767,10.0,
64,simulation,100x,1,8,450,47-52,47-52,218.5039391606022,214.55832284375202,6.003939864993583,2.05832354814342,10.0,
65,simulation,100x,1,10,-150,2-7,2-7,222.21689904816634,217.33185073189253,9.716899752557737,4.831851436283927,10.0,
66,simulation,100x,1,10,-100,6-11,6-11,222.24563225850653,217.3312386939894,9.745632962897929,4.831239398380802,10.0,
67,simulation,100x,1,10,-50,10-15,10-15,222.29378316176954,217.3316726719892,9.793783866160936,4.831673376380593,10.0,
68,simulation,100x,1,10,0,13-19,13-19,222.3476955836539,217.33190243192567,9.847694870299563,4.831901718571345,10.0,
69,simulation,100x,1,10,50,17-22,17-22,222.40278908557565,217.3318463886123,9.902789789967045,4.831847093003688,10.0,
70,simulation,100x,1,10,100,21-26,21-26,222.45555023273792,217.33293486336058,9.955550937129317,4.832935567751974,10.0,
71,simulation,100x,1,10,150,25-30,25-30,222.49044739424505,217.33161728199875,9.990448098636449,4.8316179863901425,10.0,
72,simulation,100x,1,10,200,29-34,29-34,222.5087994544991,217.33034046564632,10.008800158890494,4.830341170037713,10.0,
73,simulation,100x,1,10,250,32-37,32-37,222.51513021706847,217.33014607933612,10.015130921459871,4.830146783727514,10.0,
74,simulation,100x,1,10,300,36-41,36-41,222.5183612298764,217.32990427481678,10.018361934267801,4.82990497920818,10.0,
75,simulation,100x,1,10,350,40-45,40-45,222.51904533549796,217.3297734330494,10.01904603988936,4.829774137440808,10.0,
76,simulation,100x,1,10,400,44-49,44-49,222.51854609986907,217.32973565462544,10.018546804260467,4.8297363590168345,10.0,
77,simulation,100x,1,10,450,47-52,47-52,222.51833885115173,217.32974353298428,10.018339555543122,4.829744237375678,10.0,
